ID	X1	X2	X6	X8	X9	X10	X11	X13	X14	X15	X16	X17	X18	X19	X20	X22	X23	X25	X27	X30	X31	X32	X33	X34	X35	Kabul
X1	0.315	2.8966	19.53			6.503	0.3	0.15		2.0891	2.3	2	1.5	6.1317	0.4	2.4129					0.0698			40.4664	46.2831	1
X2	0.215	2.6065	5.4187			4		0.15		0.9431	1.32	1.25	1.2	2.4602	0.4	1.0892					0.0558			18.6483	20.8935	0
X3	0.215	2.6065	5.4187			4		0.15		0.9293	1.08	1.25	1.2	2.4242	0.4	1.0733					0.0558			18.3786	20.5878	0
X4	0.32	5.3231	9.6	6		5				1.5812		2.5	2.5	6.6409	0.4			1				0.3		34.5243	40.8452	0
X5	0.85	2.9837	17.3468			4.5				1.662	3.2005	2.5	1.5	6.9804	0.4			0.3291	0.48					35.7521	41.8825	0
X6	0.52	2.9206	13.073			7.6				1.3977		2.5	1.5	7.7781	0.36	3.9766		0.7426						34.5905	41.8486	0
X7	0.505	2.666	12.445			9				1.5286		2.5	3.6	8.0249	0.36	4.2552		0.4012						37.261	44.7809	1
X8	0.57	6.8966	14.33			15				2.4432	3.7523	3.5	3.6	11.8005	0.36	6.7588		1.2621			1.4246			59.8976	71.1281	0
X9	0.29	3.79	13.34		1.2	8.4	0.3			1.8646	2.8	3.5	2	7.8314	0.5			2.3494	0.7		0.7623			41.7963	49.3377	1
X10	0.26	3.64	7.8		4.5	8.5	0.255			1.7859	3	4	2	9.3758	0.5			2.344	0.76		0.7623			40.1072	49.223	1
X11	0.273	1.565	10.374			6.5		1.121		1.576	0.76	2.3	1.5	9.9288	0.6	2.4374	6.8	1.2907						37.0971	46.7529	0
X12	0.215	1.5741	8.17			5		1.1314		1.0465	0.655	2.3	1.5	8.7908	0.6	1.743		0.923						24.858	33.4338	0
X13	0.27	5.241	17.7494		3	16	3		2	3.3186	4.3269	2.5	1.47	24.019	0.4			0.5617	0.48					60.3176	84.0666	1
X14	0.27	2.9831	11.0169		3	16	3		2	3.3995	5.2336	2.5	1.47	20.7856	0.4			0.4808	0.48					52.2339	72.7495	0
X15	0.27	2.9831	18.3615		3	16	1.0881		2	3.7129	4.2336	2.5	1.47	22.7018	0.4			0.5252	0.48					57.0244	79.4562	0
X16	0.27	2.9831	11.0169		3	16	1.0881		2	3.1936	4.2336	2.5	1.47	19.5268	0.4			0.4517	0.48					49.087	68.3438	0
X17	0.41	1.38	14.35			8				2.0286	10.4325	3	2	6.3902	0.5			1.9597	0.91					44.9708	50.951	1
X18	0.55	1.38	22.6502			7.2				1.987	1.2	3.5	2.5	12.5182	0.5			2.7123	0.81					44.9895	56.9577	1
X19	0.3	1.38	17.2569			7.6				2.4814	16.0301	3.5	2.5	10.4217	0.5			3.1265	0.86					55.5349	65.6566	0
X20	0.3	1.48	9.9109			10	0.64			1.9599	9.3664	3.5	2.5	8.2314	0.8			2.4694	1					43.9266	51.858	0
X21	0.345	1.7846	26.6957			3.0625				1.4057		1.8	1	4.0203	0.8	2.2536		0.4057						39.5528	43.2281	1
X22	0.28	1.7846	21.5386			3.5				1.5212		1.8	1	6.3889	0.8	2.1294		0.3833						34.7371	40.846	0
X23	0.23	1.3536	5.6347		1.5	3.63				0.9216	0.4975	1.8	1.5	2.903	0.4			0.6677	1.1656				0.9	20.2007	22.9237	0
X24	0.59	3.48	20.0134		5	13				2.6971	6.8689	2.5	1.65	11.3279	0.5				0.93					57.2294	67.9673	1
X25	0.475	1.51	12.825			15				2.8575	14.8348	3.5	2.8	12.0015	0.85		4.8	3.6004	1.03					64.0827	75.6092	0
X26	0.4	1.38	12.2			8.4			3.5	1.837	4.7	3	2.3	6.5581	0.5			1.3541	0.76					40.3311	46.4892	1
X27	0.21	2.2481	5.796		1.5	4.6				1.0587	0.429	2.5	1.25	4.4464	0.35	1.5113	2.5	0.8003						24.7534	28.9898	0
X28	0.465	1.38	16.275			9.6			3	2.2821	8.0276	3.5	2.5	9.5849	0.5			2.8755	0.86					51.2652	60.3851	0
X29	0.23	1.3536	5.6347		0.9	3.85				0.8726	0.4975	1.8	1.5	2.7487	0.4			0.6322	1.166				0.3	19.1366	21.7053	0
X30	0.21	1.7846	16.7275			4				1.3622	1.4315	1.8	1	5.7212	0.5	1.9069		0.3433						31.066	36.5772	0
X31	0.18	1.7846	12.6993			4				1.0892		1.8	1	4.5746	0.5	1.5247		0.2745						24.8523	29.2469	1
X32	0.22	1.7846	17.5241			4.8				1.3704		1.8	1	5.7558	0.5	1.9184		0.3453						31.2628	36.7986	0
X33	0.6	1.38	19.2		2.75	17			3.5	2.882	6.15	3.8	2.5	15.1305	0.5			3.7826	0.86					64.9046	79.4351	1
X34	0.21	1.1	5.0564		1.8	3.8				0.5355	1.1841	2.5	1.5	2.7579	0.5				0.41					18.596	21.1439	0
X35	0.23	2.5832	11.27			7.5	0.3	0.15		1.6865	3.58	1.65	1.3	4.3996	0.4	1.9479					0.5973			33.1949	37.3645	0
X36	0.89	3.5724	25.7575			6		0.5		2.0065		1.8	2	8.4273	0.5	2.8088		0.5056						46.3408	53.8781	0
X37	0.25	2.8037	17.0484			9			2.3	2.2117	7.3847	2.5	1.5	11.6112	0.4			0.438	0.48		0.3783			46.6948	58.056	0
X38	0.25	2.8037	10.5093			9			2.3	1.8309	6.3847	2.5	1.5	11.5349	0.4			0.3626	0.48		0.3783			38.6995	49.9844	0
X39	0.655	4.448	17.7384		8.3	13.5			2.9	2.8583	6.1792	2	1.5	15.006	0.6			0.7503						61.4292	75.7802	0
X40	0.28	2.8037	19.0942		8.2156	9.506	1.8685			2.2125	5.7487	2.5	3	14.3815	0.4			0.5477	0.48		1.149			57.8059	71.9074	0
X41	0.28	2.8037	11.7704		8.2156	9.506	1.8685			1.9167	5.7487	2.5	3	12.4583	0.4			0.4744	0.48		1.149			50.113	62.2913	0
X42	0.92	1.9537	37.3179			20		0.9325	2.85	3.7069	6.6838	2.3	1.5	19.4612	0.6			2.9192						81.684	100.2252	0
X43	0.59	2.8037	22.4849			10.5	1.401		2.9	2.1701	6.1675	2.5	3	14.1059	0.4			0.5372	0.48		1.079			57.0134	70.5293	0
X44	1.6	10.134	56.6947			25			5.55	5.0739		2	1.5	26.6382	0.6			3.9957						112.1483	137.1865	0
X45	0.77	2.9067	21.175		1	12				2.3801	3.021	2	1.5	12.4957	0.5	3.5394	3.5	1.8744						56.1666	67.8923	0
X46	0.435	3.1037	11.4693			10		1.1656		1.7147	4.1556	2.3	1.5	7.2018	0.6	2.4479		1.2963						40.1881	46.9549	0
X47	0.225	1.8064	18.3582			7				1.5482		1.8	1.5	6.5026	0.5	2.1673		0.3902						35.2953	41.5729	0
X48	1.125	1.8273	36.7164			15				2.9822		4	1.5	12.5252	0.6	4.1746		0.7515						68.677	80.0772	0
X49	0.215	2.4352	6.7725			3.5				0.9623	2.9384	2	1.2	4.0417	0.4			1						21.4234	25.2501	0
X50	0.245	3.2701	7.7175			8.85	0.275			1.3728	2.9429	2	2	8.0719	0.4			1						30.0733	37.9002	0
X51	0.615	1.8799	15.1133			7		8.9592		1.9697	1.8406	2.5	1.5	8.2725	0.6	2.8118		1.4891						46.2786	53.9361	0
X52	0.55	1.8799	15.4			7		12.6592		2.3062	4.585	2.5	1.5	9.6861	0.6	3.2923		1.7435						54.0161	63.1522	0
X53	0.35	3.8545	15.2647			5.5				4.2598	2.6547	2	1	14.0573	0.5			1					11.8238	48.2075	61.9148	0
X54	0.35	4.3545	15.2647			9.5	0.9444			4.8937	1.8	3	1.75	10.7662	0.5			1					11.8238	55.1811	65.5973	0
X55	0.35	2.8893	9.1396		3	9.5	0.5936			3.9435	2.4623	4	1.75	8.6757	0.5			1					5.6	44.7283	53.054	0
X56	0.35	3.0343	9.6694		3.5	8.5			1.5	1.6702	2.2	3	1.5	7.0148	0.5			1						36.4239	43.0887	0
X57	0.33	3.1143	10.0535		8.787	10			0.5944	2.4047	2	3	1.75	8.4965	0.5			1			0.2787			43.8126	51.9791	0
X58	0.34	3.1143	12.0045		1.3935	7.5			1.022	1.5782	1.5	2.5	1.75	6.6282	0.5			1			0.2787			34.4812	40.7694	0
X59	0.23	3.1143	7.4857		1.3935	4.5				1.0747	1.2	1.8	1.5	4.5136	0.5			1						23.7982	28.0818	1
X60	0.6	3.1143	20.2093		2.787	8				2.293	6.5	3	1.75	9.6307	0.5			1						49.7536	58.7843	1
X61	0.19	3.1143	6.3996		2.787	14			3	3.259	19.7653	3	1.75	11.515	0.5			1						58.7652	70.0902	0
X62	0.73	3.1143	18.2337			12			3.6	5.8383	3.179	3	1.75	12.8443	0.5			1					13.006	65.9513	78.0656	0
X63	0.66	6.1143	16.4853			8.5				5.2068	4.5188	3	1.75	11.455	0.5			1					11.2	58.9352	69.7302	0
X64	0.66	6.0343	16.4853			8.5				5.1988	4.5188	3	1.75	11.4374	0.5			1					11.2	58.8472	69.6246	0
X65	0.38	2.5143	15.96			5				1.3857	0.84	2	1	5.82	0.4			1						30.48	35.92	1
X66	0.4	2.5143	16.88			8	0.5936			1.8147	3.5	2.4	1.7	7.6217	0.4			1			0.306			39.5086	46.7303	1
X67	0.41	2.5143	15.58			5.5				1.4927	2.66	2	1.2	6.2694	0.4			1						32.757	38.6164	0
X68	0.18	3.1143	4.2916		7.3935	6				1.6556	2.5432	2	1.75	5.8496	0.5			1						30.4282	36.0978	0
X69	0.2	2	20.438			8				2.0077	5.0166	3	1.2	8.4325	0.5			0.5059						42.8682	51.1007	0
X70	0.3	3.39	9		2	8	0.255	4		1.9834	6	3	2	8.3303	0.5			1.4995	0.73		0.793			43.4509	51.4812	1
X71	0.225	2.903	5.4961		3	5.5				2.7468	1.0687	4	1.5	6.0429	0.5			1					3.5	31.4396	37.2575	0
X72	0.29	6.0398	9.5728			9.5				1.6156	2	2.5	2	6.7856	0.4			1				0.3		35.2182	41.7138	0
X73	0.3	2.6819	12.5029			8.5	0.3	0.15		1.8503	4.1931	1.65	1.3	4.827	0.4	2.1371					0.502			36.4673	40.9943	0
X74	0.26	2.8671	8.4279			8.5	0.3	0.15		1.5496	2.6835	2	1.3	4.0424	0.4	1.7898					0.3211			30.549	34.3314	0
X75	0.26	2.8671	7.2262			8.5	0.3	0.15		1.4551	2.5909	1.65	1.3	3.7958	0.4	1.6806					0.3211			28.701	32.2368	0
X76	0.55	2.7114	13.8648			6				1.4716	2.8557	2	1.5	4.6355	0.5			1						32.4535	36.539	1
X77	0.3	2.6889	9.3			8.5	0.3	0.15		1.6668	4.1959	1.65	1.3	4.3481	0.4	1.9251					0.5027			32.8794	36.9275	0
X78	1.43	2.9704	65.2323			8.6				4.0631	0.26	2.5	1.2	12.7989	0.5	5.4508		0.9812						93.1878	104.5567	0
X79	0.165	2.9638	4.3221			8.5		0.15		1.8229	9.3404	1.8	1.2	7.2916	0.4	2.1055					0.4902			33.2599	40.3865	0
X80	0.645	3.9934	16.1789			7.5				1.719	1.0333	3	1.5	6.7307	0.5			1						37.0696	43.1553	1
X81	0.645	3.9934	21.058			7.5				1.9503	1.4552	3	1.5	6.1435	0.5			1						42.6019	48.1004	1
X82	0.62	4.3578	21.6347			8.5				2.2119	5.7462	2	1.5	6.9676	0.5			1						48.0706	54.4182	1
X83	0.665	3.2734	23.2617			7.5				2.2817	6.5995	3	1.5	7.1874	0.5			1						49.5813	56.1037	0
X84	0.69	3.2734	17.2766			8.5			5	1.7377	4.4925	3	1.5	6.777	0.4			1						46.8702	52.9572	1
X85	0.66	3.2734	21.5477			8.5			4.5	2.4717	6.6135	3	1.5	9.2393	0.5			1						53.5663	62.1456	1
X86	0.55	2.7234	17.9564			6				1.7341	4.0017	2	1.5	5.4623	0.5			1						37.9656	42.8779	1
X87	0.265	3.7285	16.4383			4.3				1.6909	4.1373	2.5	1.5	7.102	0.4			0.3348	0.48					35.7748	42.6118	1
X88	0.28	2.8217	7.42			9.1	1.8294			1.6586	12.7312	2.5	2.5	10.7807	0.4		0.1876	0.4105	0.48		1.0837			43.4027	53.9034	1
X89	0.57	2.5885	35.91			6	0.3	0.15		2.9163	1.3	2.5	1.5	7.6077	0.4	3.3683					0.0698			57.5729	64.6106	0
X90	0.2	5.1522	7.4886			8	0.7	0.2		1.8231	2.1344	2	1.4025	6.0167	0.5	2.1056	0.6	0.361	0.53		0.321		1.055	34.5734	40.3901	0
X91	0.165	5.1522	4.1708			8	0.7	0.2		1.6293	2.2786	2	1.4025	5.3771	0.5	1.8818	0.6	0.3226	0.53		0.2963		1.055	30.8841	36.0962	0
X92	0.55	2.5885	19.25			6	0.3	0.15		1.9584	1.3	2.5	1.5	5.1087	0.4	2.2619					0.0698			38.8286	43.3873	0
X93	0.665	3.2857	21.8264			7.5				2.1873	6.133	3	1.5	6.8899	0.5			1						47.5974	53.8223	0
X94	0.66	3.2857	21.6623			7				2.0721	5.4935	2	1.5	4.3514	0.5			1						45.1736	48.865	1
X95	1.72	11.7249	69.4115			12.5				5.1498	0.7602	6.5	1.5	21.6293	0.6	7.209		1.2978						118.3732	138.2825	1
X96	0.3	2.6976	11.5511			7.5	0.3	0.15		1.7597	4.2019	2	1.3	4.5906	0.4	2.0325					0.5035			34.6963	38.9869	0
X97	0.51	5.3106	15.8541			9.5				1.9457	3.0484	2.5	2	8.1718	0.4			1				0.3		42.3688	50.0306	0
X98	0.37	9.3645	11.4185			8				1.7697	1.4113	2.5	2	7.4328	0.4			1				0.3		38.534	45.5968	0
X99	0.51	10.8145	15.739			10				2.1582	1.4113	2.5	2	9.0646	0.4			1				0.3		46.833	55.3876	0
X100	0.6	8.3145	18.5164		2.2	9				2.346	3.6882	2.5	2	9.853	0.4			1				0.3		50.8651	60.1181	0
X101	0.6	8.3145	18.5164		2.2	10.5			4	2.6116	3.5001	2.5	2	10.9685	0.4			1				0.3		56.4426	66.8111	0
X102	0.3	2.6976	10.4812			7.5	0.3	0.15		1.6592	3.5239	2	1.3	4.3284	0.4	1.9164		0.5			0.5035			33.2318	37.2602	1
X103	0.245	5.3145	7.3765		9.2206	5				1.6056		2.5	2	6.7434	0.4			1				0.3		34.9622	41.4606	0
X104	0.225	5.3145	6.7743		2.8226	5				1.2556		2.5	2	5.2734	0.4			1				0.3		27.592	32.6404	0
X105	0.28	5.462	8.4302			6				1.2296		2	2	5.1644	0.4			1				0.3		27.1018	31.9862	0
X106	0.35	5.462	10.5378	3.199		11			2	2.0891	3.8826	2.5	2.5	10.9676	0.4			1				0.3		45.2205	55.8381	0
X107	0.265	9.3933	7.9786	4		9			1.6	2.0148	3.1237	2	2.5	8.4621	0.4			1				0.3		43.5754	51.7725	0
X108	0.275	7.8232	11.9021			8				1.7617	2	2.5	2	7.3991	0.4			1			0.3086	0.3		38.2706	45.3947	0
X109	0.275	7.8232	11.9021			8				1.8367	3.5	2.5	2	8.8712	0.4			1			0.3086	0.3		39.8456	48.4418	0
X110	0.275	7.8232	11.9021			8				1.8367	3.5	2.5	2	7.7141	0.4			1			0.3086	0.3		39.8456	47.2847	0
X111	0.45	5.462	21.1697		3	8.5				2.3628	3.4248	2.5	2.5	9.9239	0.4			1				0.3		51.0693	60.5432	0
X112	0.565	5.462	26.5797		3	8.5				2.6333	3.4248	2.5	2.5	11.06	0.4			1				0.3		56.8648	67.3598	0
X113	0.49	9.462	23.0515			10				2.7037	6.3603	2.5	2	11.3555	0.4			1				0.3		58.2675	69.133	0
X114	0.47	8.462	22.1106			9				2.4588	4.4033	2.5	2	10.3269	0.4			1				0.3		53.1047	62.9616	0
X115	0.195	5.462	6.7517			6.5				1.3673		2	2	5.7428	0.4			1				0.3		25.976	35.4567	0
X116	0.23	6.0732	10.7335		4	9				1.8658	2	2.5	2	7.8362	0.4			1			0.3086	0.3		40.4111	48.0173	0
X117	0.23	6.0732	10.7335		4	9				1.8658	2	2.5	2	7.8362	0.4			1			0.3086	0.3		40.4111	48.0173	0
X118	0.715	9.462	29.0617			10				2.9748	5.7732	2.5	2	12.4943	0.4			1				0.3		64.1867	75.966	0
X119	0.63	9.462	21.339			10				2.5324	4.6479	2.5	2	10.6363	0.4			1				0.3		54.8113	64.8176	0
X120	0.65	5.462	26.4198		3	8.5				2.6345	3.1087	3	2.5	11.065	0.4			1				0.3		56.975	67.39	0
X121	0.88	4.4722	25.4637			16				5.225	49.5646	2	2	21.9451	1	7.3143		1.3167						115.2365	140.3016	0
X122	0.57	3.2887	14.9349		2	7.7				1.8705	4.4864	3	1.5	8.4453	0.5			1						40.8505	48.7258	1
X123	0.65	3.2887	17.031		4	14			4.5	2.6442	3.8266	3.2	1.5	10.8981	0.5			1						56.1405	66.3886	1
X124	0.235	3.2887	5.6701		4	3.7				1.0493	0.5278	1.5	1.5	4.4072	0.5			1				0.3		23.2709	27.4431	1
X125	0.235	3.2887	5.6701		2	3.6				0.9443	0.5278	1.5	1.5	3.9662	0.5			1				0.3		21.0659	24.7971	1
X126	2.25	2.8761	65.3794			20				4.6278		1.8	2	19.4367	0.5	6.4782		1.1662						107.0777	124.2644	0
X127	0.41	9.411	13.5025		3.7854	12				2.1949		2.5	2	9.2188	0.4			1				0.3		47.5038	56.3126	0
X128	0.35	9.411	11.5266			12				1.9069		2.5	2	8.0089	0.4			1				0.3		41.3945	49.0534	0
X129	0.535	5.479	24.7073		3	8.5				2.5599	3.3122	3	2.5	10.7517	0.4			1				0.3		55.2934	65.5101	0
X130	0.56	5.479	17.3826			13			4.8	2.5268	4.675	2.5	2	10.6127	0.4			1				0.3		54.6234	64.6761	0
X131	0.23	6.3474	8.8806		4	9				1.7869	2	2.5	2	7.5049	0.4			1			0.3097	0.3		38.7546	46.0295	0
X132	0.23	5.9609	5.5045			4.5				1.0083		2	1.5	4.2347	0.4			1				0.3		22.4037	26.4084	0
X133	0.23	5.9609	5.5045		1.6	4.5				1.0883		2	1.5	4.5707	0.4			1				0.3		24.0837	28.4244	0
X134	0.23	5.9609	5.5045		2.5	4.5				1.1333		2	1.5	4.7597	0.4			1				0.3		25.0287	29.5584	0
X135	0.18	5.9609	4.3924			4.5				0.9527		2	1.5	4.0012	0.4			1				0.3		21.186	25.0072	0
X136	0.27	3.1275	8.6218		1.4017	7.5				1.3541	1.2	2.7	1.75	5.6871	0.5			1			0.2803			29.7054	35.1225	1
X137	0.185	1.8872	7.5064			4.5		1.166		1.2135	1.4973	2.3	1.3125	5.0966	0.6	1.7323	3.5	0.9174						28.3176	33.2292	0
X138	0.215	1.8872	16.5448			5.5		1.166		1.4655		2.3	1.3125	6.1552	0.6	2.0922		1.1079						34.1911	40.1313	0
X139	0.44	3.127	10.123			10.5			0.8	1.554	1.3	2.7	1.75	6.5269	0.5			1			0.2803			34.0743	40.1612	0
X140	0.375	3.127	7.4378			6.5			0.8	1.1182		2.5	1.5	4.6966	0.5			0.2818						24.1398	28.4614	1
X141	0.275	2.5208	6.7512		2.9	4				1.0211		2	1.75	4.2886	0.5			0.2573						21.9754	25.989	1
X142	0.72	3.127	18.8345		3	7.5				1.8706		2.7	1.75	9.0349	0.5			0.4832						40.4853	48.8002	1
X143	0.275	10.3734	9.9827			9				1.6803		2	1.75	6.3516	0.5			1						36.5614	42.638	1
X144	0.32	7.7983	8.91			9.5	0.598			1.6768	1.5	2.7	1.75	7.0427	0.5			1			0.2803			36.5334	43.2561	1
X145	0.6	3.6907	15.9244			9.6				1.902	4.275	2.5	1.5	10.3849	0.35			1				0.2		41.5421	51.327	1
X146	0.35	2.8611	21.7			6.503	0.3	0.15		2.1266	1.85	1.65	1.5	5.5476	0.4	2.4562					0.0698			41.9167	47.1143	0
X147	0.54	5.4666	15.3425		3	8.5				2.0336	2.1624	3	2.5	8.541	0.4			1				0.3		44.2451	52.2461	0
X148	0.6	9.4666	16.0175			10				2.3128	5.0722	3	2	9.7138	0.4			1				0.3		50.1691	59.2829	0
X149	0.39	9.3691	10.4114			8				1.7205	1.4301	2.5	2	7.2262	0.4			1				0.3		37.5211	44.3573	0
X150	0.52	10.8191	13.8819			10				2.0666	1.4301	2.5	2	8.6795	0.4			1				0.3		44.9177	53.0772	0
X151	0.63	8.3191	16.8184		2.2	9				2.259	3.4419	2.7	2	11.148	0.4			1				0.3		49.0684	59.5864	0
X152	0.54	5.3151	14.4158			9.5				1.903	3.6291	2.5	2	8.9917	0.4			1				0.3		41.503	49.9547	0
X153	0.63	8.3191	16.8184		2.2	11			4	2.5724	3.9097	2.5	2	10.8039	0.4			1				0.3		55.6496	65.8235	0
X154	0.6	5.4666	18.7634		0	8.5				2.0633	2.3359	3	2.5	8.6658	0.4			1				0.3		44.9292	52.995	0
X155	0.24	1.8081	19.0609			9				1.7385		3	1.4	9.1269	0.5	2.535		0.4563						39.7388	48.6257	0
X156	0.64	9.4666	15.6209			10				2.2396	4.0044	3	2	9.4063	0.4			1				0.3		48.6715	57.4378	0
X157	0.6	5.3151	14.8735			9.5				1.901	3.1314	2.5	2	8.9822	0.4			1				0.3		41.521	49.9032	0
X158	0.7	8.3191	17.3524		2.2	11			4	2.5991	3.9097	2.5	2	10.9161	0.4			1				0.3		56.2803	66.4964	0
X159	0.6	10.0691	14.8735			9				2.0286	1.4301	2.5	2	8.5203	0.4			1				0.3		44.2013	52.1216	0
X160	0.42	9.3691	10.4114			8				1.7205	1.4301	2.5	2	7.2262	0.4			1				0.3		37.5511	44.3573	0
X161	0.69	8.3191	17.1045		2.2	9				2.2733	3.4419	2.7	2	11.2186	0.4			1				0.3		49.4288	59.9574	0
X162	0.395	9.7645	17.5492			16			2	4.1725	6.8781	10	1.5	19.2575	0.5	7.0097								75.769	94.6315	0
X163	0.28	2.6958	7.0765			6.51	0.3	0.15		1.14	4	1.65	1.3	4.3474	0.4	1.6302					0.0698			27.2023	31.2697	0
X164	0.28	2.6958	7.0765			6.51	0.3	0.15		1.1579	4	1.65	1.3	4.4159	0.4	1.6559					0.4503			27.6264	31.7623	0
X165	0.98	1.8131	28.5371			9.5				2.7028	9.9061	1.8	2	11.3518	0.5	3.7836		0.6811						62.2038	72.5756	0
X166	0.24	1.8131	19.1625			4.5				1.6484	3.9922	2	1	6.9232	0.5	2.3075		0.4154						37.5791	44.2623	0
X167	0.2	3.135	4.5861		3	3.5				0.9708	0.3552	2.5	1.5	3.0581	0.5				0.34					20.5871	23.4452	1
X168	0.21	0.86	4.9733		2	4				0.9441	1.5778	2.5	2	3.965	0.5				0.47					20.0352	23.7902	1
X169	0.21	2.5	4.9733		2	3.5				0.9051	0.3778	2	1.8	2.8509	0.5				0.45					19.2162	21.8571	1
X170	0.26	1.8131	6.89		8.5	4.5				1.3914	0.825	3	1.5	7.3049	0.5	3.9118		0.7305				0.3		34.1218	41.1667	1
X171	0.49	1.8131	13.965			8				2.1933	5.2875	4	1.5	11.6529	0.5	6.1809	8.5	1.1542				0.3		53.884	65.0469	1
X172	0.225	3.93	7.4107		5	4.85				1.4013	0.5646	3.5	1.8	4.414	0.5				0.47					29.6516	33.8406	1
X173	0.48	4.0136	12.0893			5.5				1.3567		3	1.5	4.1939	0.5			1						29.4396	33.1535	0
X174	0.68	2.7436	17.8933			11				2.1143	5.15	3	2	11.1003	0.5			1						46.0812	56.5015	1
X175	0.25	2.3554	6.1086			7				1.0189	1.0137	2	1.5	5.3492	0.4			1						22.6466	27.7458	1
X176	0.3	2.3554	10.2			7				1.2078	0.7	2	1.5	6.3408	0.4			1						26.6632	32.704	1
X177	0.25	2.3386	6.1099			3.9				0.8384	0.5189	2	1.5	2.6409	0.4			1						18.8558	21.2467	0
X178	0.48	3.9953	15.6835			5.5				1.5391		3	1.5	4.7577	0.5			1						33.1979	37.4756	0
X179	0.58	1.38	17.5234			14				2.6074	5.5336	3.5	3.5	10.9509	0.8		5	3.2853	0.91					58.6197	68.9906	1
X180	0.54	2.9733	15.8666			9				3.4563	12.8866	4.7	1.2	14.5166	0.5	4.8384	22	0.871						78.8322	92.8088	0
X181	0.937	2.9733	23.2041			10				2.8426	3.974	2.5	1.2	20.8213	0.5	4.4726	12.5	0.8052						65.9088	85.7931	1
X182	0.33	2.6118	8.7923			7	0.5984			1.2951	2	2	2	4.0796	0.4			1			0.3	0.2		28.5276	32.2772	0
X183	0.8	13.4927	27.9666	2.0975	1.5	11		1.9		8.0502	6.9451	5	2.5	13.2828	0.6	6.7848		2.5459					7.5	98.6828	111.1656	0
X184	0.11	5.0322	3.4096			2.25				0.5337		1.5	0.7	2.0813	0.25	0.8864		0.1596				0.2		15.0315	17.0028	0
X185	0.22	2.5778	6.49			8.5	0.3	0.15		1.5782	5.1425	1.8	1.3	4.117	0.4	1.8228					0.7864			31.0677	34.9647	1
X186	0.91	2.2017	26.2697			8		0.5		2.1236		3	2	8.919	0.5	2.9727		0.5351						49.0128	57.0218	0
X187	0.54	2.972	15.8285			13.5				3.6778	12.8557	4.7	1.2	15.4468	0.5	5.1484	22	0.9268						83.8492	98.756	0
X188	0.35	2.9815	20.65			6.4		0.15		2.0233	1.25	2	1.3	5.2781	0.4	2.3369					0.0558			39.8975	44.8256	1
X189	1.15	1.38	49.6197			20			4.5	5.093	17.7	3.5	3.5	21.3905	0.8			6.4172	0.86					114.5199	134.7604	1
X190	1.87	10.221	50.3276			15				4.3939	3.4788	7	1.5	18.4543	0.35	6.2726		3.3218						103.7357	120.32	1
X191	0.41	1.38	12.915			8				1.9544	10.4325	3	2	7.3875	0.5			2.4215	0.86					43.8734	50.8509	1
X192	0.5	0.08	13.6444		1.8	10				1.7349	2.724	3	2	9.1083	0.5			0.9108	0.95					37.8441	46.4524	0
X193	0.15	2.198	5.0845		2.5	4				0.8541		1.8	1	3.5873	0.5	1.1957		0.2152						19.4975	22.9348	0
X194	0.635	3.758	21.5245			10				2.4459	5.3353	1.8	1	10.2727	0.5	3.4239	5	0.6164						56.039	65.6767	0
X195	0.235	2.4622	6.0785			8		0.2		1.5914	3.976	2	1.4025	5.252	0.5	1.838		0.3151	0.48		0.108		1.0527	30.2394	35.2564	1
X196	0.265	2.8733	6.8766			9		0.2		1.7561	3.1108	2	1.8	5.7957	0.5	2.0283	0.6	0.3477	0.48		0.4793		1.0586	33.3757	38.9064	1
X197	0.31	1.135	15.035			7.8				1.8143	6.2966	3	2	5.7151	0.5			2.1908	0.52					40.6017	46.0068	1
X198	0.965	1.9631	27.669			12				2.6923	0.4129	5	2	16.9612	0.5	7.8717	4	1.47				0.3		66.844	82.8402	0
X199	0.34	2.6259	10.2686			7	0.6024			1.3948	2.5	2	2	4.3938	0.4			1			0.3	0.2		30.6317	34.6855	0
X200	0.71	4.3417	18.5053			9.2			1.7	2.0846	0.4949	2.7	1.75	8.7553	0.5		2.5	1						45.4865	53.5318	1
X201	0.56	4.1417	14.6223		2.5	10			1.6	1.9154	0.4949	2.7	1.75	8.0449	0.5			1						41.7843	49.2692	1
X202	0.44	3.1433	10.1462		2	7.5			0.8	1.5061	1.3	2.7	1.75	6.3256	0.5			1			0.2823			33.0679	38.9535	1
X203	0.215	1.8168	5.1524			4.8				5.8979		3.5	2	13.7618	0.5	7.3694	28	1.3762				0.3	3.08	64.0077	77.5545	0
X204	1.65	12.1704	54.0738			13.25		1.1789		4.6137	3.5	6	1.5	19.3774	0.6	6.5544		2.9066						107.9978	125.7252	1
X205	0.995	2.9818	27.8189		1.2	13				4.3559	3.648	2.5	1.2	11.7609	0.5	3.9199		0.7057		1			0.6	64.4252	75.1911	0
X206	0.895	2.9818	25.023		1.2	13				2.5526	3.648	2.5	1.2	10.7211	0.5	3.5733		0.6433		1				58.717	68.5431	0
X207	0.65	4.4376	23.7588			10				2.1573		2.7	1.75	25.6419	0.5			0.7095						46.6632	71.6551	1
X208	0.72	3.1546	18.8419		2.8	7.5				1.8523		2.5	1.75	10.8917	0.5			0.4979						40.1167	50.2884	1
X209	0.275	2.5411	6.7538		2.5	4				1.0022		2	1.75	5.8932	0.5			0.2694						21.5915	27.2097	1
X210	0.525	2.4424	15.022			7.5		1.1749		1.9984	9.2284	2.5	1.5	11.2259	0.6	3.0133		1.5958						47.1002	57.8011	1
X211	0.285	2.8397	7.7016			10	0.6			1.4801	3.66	2.5	1.2	6.2163	0.5	2.0719		0.373		0.6				33.8113	39.7426	1
X212	0.72	3.1718	19.075		2.5	7.5				1.8498		2.5	1.75	10.9936	0.5			0.4984						40.065	50.3386	1
X213	0.275	2.5537	6.8374		2.2	4				0.9921		2	1.75	6.0416	0.5			0.2687						21.3769	27.1435	1
X214	0.635	2.4662	18.6091			9		1.1886		3.0021	22.0782	4	1.5	14.9415	0.6	4.4179		2.3396					0.6	70.4367	84.7432	1
X215	0.901	2.4662	28.0509			13		1.1886		3.3003	13.6008	5	1.5	13.8614	0.6	4.7115		2.495					0.6	77.4143	90.3747	0
X216	0.24	1.8609	6.0997		3	5.7				2.6611		3.6	1.8	8.7815	0.5	4.0755		0.7611				0.3	3.75	34.3483	42.8898	1
X217	0.26	0.215	6.7454		1.3	3.35	0.06	0.37		0.8058		1.8	1.5	2.5382	0.4	1.2775		0.1946	0.275			0.1		18.6533	20.9315	0
X218	0.235	0.215	7.0877		0.5	5.5	0.06	3.4708		1.5266		1.9	1.5	4.2003	0.4	1.8077	0.75	0.2754	0.275			0.15		25.6532	29.6185	0
X219	0.655	0.215	18.6384		0.85	6.9	0.06	13.6055		4.6844		3.5	1.5	7.7292	0.4	3.8903	0.75	0.5926	0.275			0.15		56.6662	63.7404	0
X220	1.38	0.215	11.1149		0.5	7.5	0.21	8.3275		3.5336		3.5	2.25	6.4913	0.4	2.978	0.75	0.4536	0.275		0.1939	0.1		43.6815	48.7928	0
X221	1.32	0.125	14.3369			6.5	0.21			1.407		3	2.25	4.4322	0.4	2.2308	0.75	0.3398	0.275		0.1939	0.1		33.4384	36.5506	0
X222	0.305	2.643	8.0825			7.5	0.135	0.15		1.61	4.6873	2.2	1.3	4.2001	0.4	1.8596					0.903			31.7754	35.6705	1
X223	0.53	2.3424	14.575			7.5		1.2014		1.9486	8.7524	2.5	1.5	11.0483	0.6	2.944		1.559						45.9528	56.4711	1
X224	0.75	3.1655	21.1194			13				2.2436	0.7861	4	2	14.1344	0.5	6.5598		1.225				0.3		55.6494	69.0338	0
X225	0.19	1.8155	4.94		3.95	6		3.8		2.6136	1.08	2.5	1.25	8.6247	0.5			1				0.3		29.9391	38.3738	0
X226	0.25	1.8155	6.375		3.2	6		3.8		2.6651	1.06	2.5	1.2	8.7947	0.4			1				0.3		30.5656	39.1103	0
X227	0.44	1.8155	11.44		5.4	6		3.8		3.4086	1.08	2.5	1.25	11.2482	0.5			1				0.3		38.9341	49.7423	0
X228	0.39	1.8155	10.14		6.7	6		3.8		3.4066	1.06	2.5	1.25	11.2416	0.5			1				0.3		38.8621	49.7137	0
X229	0.2	1.8155	5.1		4.7	6		3.8		2.7026	1.06	2.5	1.25	8.9184	0.5			1				0.3		30.9281	39.6465	0
X230	0.28	1.8155	7.14		2.7	6		3.8		2.7066	1.06	2.5	1.25	8.9316	0.5			1				0.3		31.0521	39.7037	0
X231	0.405	1.8161	10.53		5.2	6		3.8		3.2956	1.06	2.5	1.25	10.8755	0.5			1				0.3		37.6567	48.1272	0
X232	0.725	1.8161	18.85		3.2	8.5		1.8		4.5901	4.185	2.5	1.25	15.1474	0.5		3	1				0.3		52.2162	66.6386	0
X233	0.24	1.84	5.9623		1.5	6				2.5452		3.6	2	10.3591	0.5	4.108		0.7671				0.3	3.75	33.1126	43.2317	0
X234	0.66	4.7936	18.7357			13			9.61	3.0616	7.7925	4	2	16.0734	0.5	8.6073	0.5	1.6073				0.3		75.168	90.5814	0
X235	0.66	4.7936	18.7357			13			18.31	3.4716	7.7925	4	2	21.871	0.5	10.1503		1.8955				0.3		85.6092	106.8202	0
X236	0.41	1.0819	12.7445			7				1.2663		2.5	1.5	7.9778	0.5	3.7025		0.6914						31.3966	38.9644	0
X237	0.375	2.766	11.2864			7.5	0.3	0.15		1.7124	3.568	2	1.3	4.4671	0.4	1.9778		0.5			0.5101			34.3457	38.4378	0
X238	0.4	7.3985	10.8073		1.7705	12			0.7	2.6742	14.4568	3	2	14.0393	0.4		0.65	1				0.3		57.5573	71.1966	0
X239	0.4	7.3985	13.7263		1.7705	12			0.7	2.8875	15.8053	3	2	15.1595	0.4		0.65	1				0.3		62.0381	76.7976	0
X240	0.6	7.3985	20.5894		2.2	9				2.5346	5.1546	3	2	13.3068	0.4		0.65	1				0.3		54.8271	67.5339	0
X241	0.6	7.3985	16.211		2.2	12				2.3983	3.8061	3	2	12.591	0.4		0.65	1				0.3		51.9639	63.9549	0
X242	0.325	1.7362	9.1396		3.5	5				1.4188	2.1	3	1.4	5.9589	0.5	1.9861	2	0.3575						32.4632	38.0971	1
X243	0.32	0.735	8.8		0.5	8	0.3			5.588	3.8166	3	2	6.4262	0.5		0.85	2.4634	0.76		0.8373		7.1542	45.6245	51.7307	1
X244	0.8	3.3854	27.6298			20.3			5.7	10.1859		5	2	36.1434	0.7		1	1.1204						77.8215	113.1649	0
X245	0.7	3.3854	24.1761			20.3			5.7	9.6505		5	2	34.2438	0.7		1	1.0616						73.6736	107.2174	0
X246	0.33	2.7351	9.197			7	0.6316			1.3282	2.1	2	2	5.5784	0.4			1			0.3	0.2		29.2219	34.4703	1
X247	0.3	4.875	17.4			7.2				2.0574	5.5	2.5	2	8.6411	0.5				0.5		0.6732			43.5056	51.8467	1
X248	0.19	2.0365	6.878		3	5				1.2507		2.5	2	7.4856	0.4	3.5793	3.2	0.3375						30.372	37.6676	0
X249	0.645	9.3466	17.2868			9				2.1286	1.1041	3	1.5	10.9665	0.5			1						45.5111	55.8326	1
X250	0.84	1.9639	20.9979			5.5		1.2375		1.6956		2.3	1.3125	7.1215	0.6	2.4206		1.2819						40.1499	46.4314	0
X251	0.285	2.6694	8.2157			10	0.3	0.15		2.0411	6.0631	1.8	1.5	8.1642	0.4	2.3574	0.75				0.8086			37.3403	45.2195	0
X252	0.375	3.5694	11.4024			10	0.3	0.15		2.032	2.5	1.8	1.5	8.1278	0.4	2.3469	0.75				0.1395			37.2652	45.018	1
X253	0.624	1.4491	18.3037			10				2.2	5.0477	2.5	1.2	11.8735	0.5	3.226	5	0.5807						50.6312	61.8807	1
X254	0.615	1.213	40.59			15			2	3.2242		2.5	2	13.5414	0.6			2.4375	0.58					70.7597	83.6861	0
X255	0.25	2.941	7.0471			4.5		0.15		1.0835	0.75	1.8	1.2	2.8266	0.4	1.2515					0.0558			21.4289	24.0055	1
X256	0.27	2.9626	7.6985			10	0.6			1.5061	4.26	2.3	1.2	6.3254	0.5	2.0937		0.1139		0.6				34.1048	40.1602	1
X257	0.25	1.0868	28.42			8				2.1253		2.5	2	11.158	0.5	5.9165		0.5579						51.3565	62.2645	0
X258	0.32	1.0868	34.4288			8				2.4258		2.5	2	12.7354	0.5	6.7529		0.6368						58.6511	71.0665	0
X259	0.32	1.0868	24.6848			8				1.9386		2.5	2	10.1776	0.5	5.3967		0.5089						46.9358	56.7934	0
X260	0.32	1.0868	34.4288			8				2.4258		2.5	2	12.7354	0.5	6.7529		0.6368						58.6511	71.0665	0
X261	0.22	1.0868	16.9399			5				1.4013		2.5	2	7.357	0.5	3.9011		0.3679						33.917	41.054	0
X262	1.72	10.0146	82.7802			12.5				5.7362	0.8294	6.5	1.5	24.0921	0.6	8.0299		1.4455						131.6558	154.0279	0
X263	1	3.0414	31.9644			10				3.5158	8.6094	2.5	1.2	14.7662	0.5	4.9216	12.5	0.886						80.6386	94.4048	1
X264	0.495	2.6808	20.0994			9				2.1644	6.1085	2.5	2.5	11.3633	0.4	6.0254		0.5682						52.5417	63.41	0
X265	0.475	2.6808	12.7778			9				1.6953	4.0478	2.5	2.5	8.9004	0.4	4.7194		0.445						41.2411	49.6665	0
X266	0.52	2.6808	17.4195			9				1.9752	5.0045	2.5	2.5	10.37	0.4	5.4987		0.5185						48.0172	57.8672	0
X267	0.51	2.4512	16.191			7.5		1.2666		2.1396	10.7833	2.5	1.5	8.9863	0.6	3.0545		1.6175						50.1137	58.59	1
X268	0.71	2.4512	22.2496			12		1.2666		2.6518	10.4679	2.5	1.5	11.1374	0.6	3.7856		2.0047						62.1874	72.6148	1
X269	1.195	2.4512	34.7559			16		1.2666		3.735	8.9757	5	1.5	15.6869	1	5.332		2.8236					3.75	87.785	102.2769	0
X270	1.195	2.4512	42.833			16		1.2666		4.2699	10.5979	6	1.5	17.9337	1	6.0957		3.2281					3.75	100.1874	116.9261	0
X271	1.195	2.4512	42.833			14		1.2666		3.7333	1.8644	6	1.5	15.6797	1	5.3295		2.8223					3.75	87.7453	102.23	0
X272	1.115	2.4512	32.4291			14		1.2666		3.1491	1.5858	5	1.5	13.2264	1	4.4956		2.3807					3.75	74.1231	86.2345	0
X273	0.22	2.4512	6.5788			9		1.2666		1.5092	3.3877	3	1.5	6.3387	1	2.1545		1.141					2	35.209	41.3277	1
X274	0.22	2.4512	8.1109			9		1.2666		1.6154	3.9797	3	1.5	6.7848	1	2.3061		1.2213					2	37.6712	44.236	0
X275	0.2	0.725	9.9261			4.5				1.1268	1.874	3	1.5	4.0225	0.5			0.5537	0.51					24.4156	28.2381	0
X276	0.323	7.1055	11.3072		0.5	12	0.3	0.2		2.6035	2.902	2.4	2.5	8.5925	0.5	3.0071	0.75	0.5156	0.53		0.8439		1.1239	49.4117	57.6812	0
X277	0.323	5.5936	11.3876		0.5	12	3.0069	0.2		2.565		3	2.5	8.4654	0.5	2.9626	0.75	0.5079	0.53		1.2384		1.1207	48.6857	56.8281	0
X278	0.323	5.5936	12.9015		0.5	12	3.0069	0.2		2.6568		3	2.5	8.7682	0.5	3.0686	0.75	0.5261	0.53		1.2384		1.1207	50.4156	58.8608	0
X279	0.265	5.5936	9.3428		0.5	12	3.0069	0.2		2.4411		3	2.5	8.0565	0.5	2.8195	0.75	0.4834	0.53		1.2384		1.1207	46.2914	54.0829	0
X280	0.265	5.5936	10.5848		0.5	12	3.0069	0.2		2.5164		3	2.5	8.3049	0.5	2.9064	0.75	0.4983	0.53		1.2384		1.1207	47.7105	55.7504	0
X281	1.7	6.2696	58.7442			13.25		1.243		4.4803	2	6	1.5	14.1131	0.6	6.0998		2.705						104.5919	117.005	0
X282	1.4	2.6764	13.13		6	8				1.9315	3.9631	2.5	2	11.276	0.36	5.4973		0.5184						47.9767	57.8527	0
X283	1.5	2.7878	32.853		8.3	9.5				3.2977	7.154	2.5	2	17.3131	0.36	9.1803		0.8657					0.5	80.7985	96.6116	1
X284	1.5	1.7264	21.3135		2.8	8				2.1579	4.4585	2.5	2	12.5979	0.36	6.1418		0.5791						53.5372	64.6351	0
X285	0.24	1.8625	6.3409			5.5				1.4402		3	1.8	9.0731	0.5	4.2108	9.5	0.7863				0.3		35.4807	44.3138	0
X286	0.6	2.4912	16.5953			10				2.3416	0.4458	5	2	13.7687	0.5	6.7412	9.5	1.2589				0.3		57.774	70.9427	0
X287	0.33	3.035	19.233			9.5	0.5	0.15		2.3929	1.5374	3	2.5	6.2423	0.4	2.7638		0.5			1.7598			47.6019	53.5142	0
X288	0.32	3.035	13.5053			9.5	0.5	0.15		2.189	3.7196	3	2.5	5.7105	0.4	2.5283		0.5			1.7598			43.607	48.9975	0
X289	0.22	2.6096	5.6925			4		1.2561		2.146	0.3015	2.5	1.5	6.2555	0.6	1.6916		0.8958					3	26.4131	32.4486	1
X290	0.89	1.7825	26.1087		3	10		14.6061		6.6442	3.8451	5	1.5	14.6173	0.6	4.8719		0.877						79.7255	93.4528	0
X291	0.32	3.064	13.6849			9.5	0.5	0.15		2.0741	1.4891	3	2.5	5.4107	0.4	2.3956		0.5			1.7832			41.3609	46.4516	0
X292	0.2	2.4615	6.2123			12		1.2728		1.6081	3.2153	3	1.5	6.754	1	2.2957		1.2157					1.5	37.4814	44.0354	1
X293	1.02	2.4615	32.9848			16		1.2728		3.6076	8.1829	5	1.5	15.1519	1	5.1501		2.7273					3.75	84.657	98.7889	0
X294	0.74	2.4615	23.9301			14		1.2728		2.7038	1.7231	5	1.5	11.3558	1	3.8598		2.044					3.1875	63.4226	74.0384	1
X295	0.32	3.064	13.1147			9.5	0.5	0.15		2.0413	1.4891	3	2.5	5.3252	0.4	2.3577		0.5			1.7832			40.72	45.7252	0
X296	0.315	3.064	9.5163		2.5	8.5	0.5	0.15		2.7184	4.5255	3	2.5	14.3916	0.4	3.1398	4.5	0.5			0.821			46.65	60.7266	1
X297	0.26	3.2173	7.6814			8	0.5	0.15		1.5179	2.3	2	1.5	3.9598	0.4	1.7532	0.65	0.5						30.4298	34.1296	0
X298	0.3	3.4073	8.9916			9	0.764	0.15		1.8813	2.8	2.5	2.5	4.9077	0.4	2.1729	0.8	0.5			1.4053			37.5724	42.1801	0
X299	0.25	3.5773	8.0282			8.5	0.075	0.15		2.187	10.5343	2	2.5	5.7051	0.4	2.5259	1.2	0.5			1.0693			43.497	48.9521	0
X300	0.25	3.5773	8.0282			8.5	0.075	0.15		2.1122	9.7343	2	2	5.5101	0.4	2.4396	1.2	0.5			1.0693			42.0359	47.296	0
X301	0.23	1.886	6.1935		2	5.7				2.573		3.6	1.8	9.9059	0.5	4.0921		0.7642				0.3	3.75	33.3888	43.0647	1
X302	0.175	0.79	4.8857		2.6	5				0.8751		1.5	1.5	3.6752	0.5	1.8744		0.1733	0.28			0.152		20.3055	23.9257	0
X303	0.175	0.79	4.8857		2.2	5				0.8549		1.5	1.5	3.5904	0.5	1.8311		0.1693	0.28			0.152		19.838	23.3734	0
X304	0.67	4.856	22.6239			15			11.8	3.5023	8.9655	4	2	22.0643	0.5	10.24		1.9122				0.3		86.3699	107.7642	0
X305	0.47	2.356	15.8705			13			12	3.0009	9.9913	4	2	18.9056	0.5	8.7741		1.6385				0.3		73.9013	92.3369	0
X306	0.8	6.456	25.6458		2	10				2.9789	8.677	4	2	18.7673	0.5	8.7099		1.6265				0.3		73.6941	91.6614	0
X307	0.61	2.08	24.845			13				3.0327	10.1695	3	2.5	11.4637	0.5		4	3.006	0.56					67.3032	78.1569	1
X308	0.175	1.7311	13.7925			5.5				2.1779	1.3	2.5	2	7.3504	0.4	3.8975		0.3675						33.8415	41.0169	0
X309	0.185	1.7311	14.5807			7				2.4569	2.5	2.5	2	8.2922	0.4	4.3969		0.4146						38.1652	46.2724	0
X310	0.22	1.7348	10.2828			7				2.2378	4.055	2.5	2	7.5526	0.4	4.0048		0.3776						34.8128	42.1454	0
X311	0.185	1.7348	8.6469			5.5				1.9869	4.055	2.5	2	6.7059	0.4	3.5558		0.3353						30.8997	37.4206	0
X312	0.23	1.7348	7.8636			5.5				1.7999	2.5	2.5	2	6.0746	0.4	3.221		0.3037						28.053	33.8976	0
X313	0.28	1.7348	9.5731			7				2.0566	2.5	2.5	2	6.9411	0.4	3.6805		0.3471						32.0721	38.7332	0
X314	0.26	3.2551	7.1885			8	0.5	0.15		1.4918	2.3	2	1.5	3.8915	0.4	1.723	0.65	0.5						29.9184	33.5499	1
X315	0.3	3.6551	8.2944			8.5	0.776	0.15		1.7482	2.4	2	2	4.5605	0.4	2.0192	0.8	0.5			1.428			34.9709	39.2314	1
X316	0.25	3.4599	7.776			8.5	0.075	0.15		2.0988	9.8542	2	2	5.4752	0.4	2.4242	1.2	0.5			1.0865			41.7746	46.9998	0
X317	0.255	3.5013	8.1851			8.5	0.075	0.15		1.8126	4.8553	2	2	4.7285	0.4	2.0935	0.75	0.5			1.1064			36.1842	40.6577	0
X318	0.22	1.7382	13.2646			7				2.4789	4.0835	2.5	2	8.3663	0.4	4.4362		0.4183						38.5397	46.686	0
X319	0.185	1.7382	11.1543			5.5				2.1901	4.0835	2.5	2	7.3915	0.4	3.9194		0.3696						34.0401	41.2466	0
X320	0.255	5.8901	8.3138			4				1.2274	2.3447	1.8	1.5	5.1552	0.4			1				0.3		27.031	31.9312	0
X321	0.6	4.7515	18.9673			6				2.1475	4.6312	3	1	10.0567	0.4	3.1245	3.2	1.6546		1				50.4766	59.9333	1
X322	0.2	1.6258	12.6449		2.9	4.5				1.291	0.9484	2	0.8	5.422	0.4	1.8429		0.976						30.129	35.351	1
X323	0.495	2.099	15.648			7		1.3172		2.7834	17.7028	2.3	1.5	12.8591	0.6	4.0397	7.5	2.1393						65.1244	77.4885	1
X324	0.725	1.8263	18.85		6.7	8.5		1.8		4.9411	4.185	2.5	1.25	16.3057	0.5		3	1				0.3		56.0774	71.6581	0
X325	0.255	3.4892	8.1522			8.5	0.075	0.15		1.6966	3.1386	2	2	4.4258	0.4	1.9595	0.5	0.5			1.1006			33.9167	38.0875	0
X326	0.255	3.4892	8.1522			8.5	0.075	0.15		1.7068	3.3162	2	2	4.4525	0.4	1.9713	0.5	0.5			1.1006			34.1163	38.3138	1
X327	0.305	3.1292	9.4798			5.5	0.075	0.15		1.4691	2.4	2	1.5	3.8325	0.4	1.6968	0.35	0.8137			0.566			29.8346	33.3621	0
X328	0.295	3.7658	11.0659			7	0.12	0.15		1.6986	3.1741	2	1.5	3.7209	0.4	1.9619	0.45	0.9408			0.6256			35.1477	38.5736	1
X329	0.265	3.1292	9.4132			5.5	0.075	0.15		1.471	2.5	2	1.5	3.8375	0.4	1.6991	0.35	0.8148			0.566			29.8333	33.4058	0
X330	0.775	2.5348	24.9016			12.5		1.3169	2.5	10.0383	5.669	5	1.5	23.0882	1	5.6678		3.0015					10	86.4049	108.7181	0
X331	0.355	2.5348	19.2602			6		1.3169		1.8306		5	1.5	7.6885	1	2.6133		1.3839						42.7947	50.1282	0
X332	0.62	0.535	40.1462			12			2	4.0832	18.5214	3	1.8	17.1492	0.5		1.2	2.0579	0.76		0.5504		0.65	88.4241	104.9533	1
X333	0.65	1.431	45.679			12	1.8			4.085	7.9078	3.5	2.5	17.157	0.5		2.5	2.0588	0.48		2.752		0.65	88.4936	105.0006	1
X334	0.19	3.1229	12.4145			4.5		0.75		1.4819	1.5008	2.5	1.25	6.224	0.6	2.1155	3	1.1203						34.5459	40.5799	1
X335	0.435	4.975	14.6361			8.5				2.3011	10.7962	2.5	1.5	6.2821	0.5	3.0033	1	1.3405	0.275					51.7622	57.6093	0
X336	0.58	1.38	21.632			14				2.8153	6.4837	3.5	3.5	11.8242	0.5		4.5	3.5473	0.81					63.2483	74.4925	1
X337	0.41	1.38	15.17			8				2.1343	12.025	2.8	2	8.0675	0.5			1.5866	0.81					46.8159	54.4734	1
X338	0.215	1.7221	6.2656			5.5		6.3016		2.4744	0.5549	2.3	1.5	6.8047	0.6	1.9274		1.0207						30.3817	36.9714	1
X339	0.45	1.7358	16.169			12				2.7844		2.5	2	9.3973	0.4	4.9829		0.4699						43.492	52.4393	0
X340	0.3	1.7358	10.7794			8				2.0332		2.5	2	6.8621	0.4	3.6386		0.3431						31.7301	38.2922	0
X341	0.505	1.7221	20.2			7.2		1.3016		2.0744	6.664	2.3	1.5	16.118	0.6	3.3809		1.7904						49.2384	64.8514	1
X342	0.32	3.494	10.0428		0.75	8.5	0.4686	0.15		1.7548	1.25	2	2	4.5777	0.5	2.0268	0.8	0.5			0.5623			35.1193	39.377	0
X343	0.23	3.664	6.5996			6.5		0.15		1.3808	2.3	1.5	2	3.602	0.5	1.5948	0.8	0.5						27.7192	31.0912	1
X344	0.33	3.714	10.3567			10	0.4686	0.15		1.9991	3.7161	2.5	2	5.2152	0.5	2.309	0.8	0.5			0.5623			39.9058	44.791	0
X345	0.315	3.714	9.8859			9	0.3	0.15		2.2494	9.3758	2.2	2.5	5.8679	0.4	2.598	0.5	0.5			1.0934			44.7815	50.3344	0
X346	0.29	2.6917	7.7758			6.5		1.3016		2.8671	1.3016	2.5	1.5	6.3076	0.6	2.1439		1.1354					4.5	35.1071	41.1247	0
X347	0.31	2.7084	8.3706			5.5		1.3108		2.9051	1.3108	2.5	1.5	6.3911	0.6	2.1723		1.1504					5.25	35.5884	41.6695	0
X348	1.8	4.1293	14.5177			20			7.7942	3.122	4.548	5	2	13.1122	1.2	4.3703	2	0.7867				1.25		72.5182	83.8304	0
X349	0.19	0.05	5.51		3.5	3.8				0.916		2.8	1.8	3.8472	0.5				0.36					19.426	23.0832	0
X350	1.5	4.3193	12.0981			20			9.589	3.3511	9.5665	5	2	14.0748	1.2	4.6911	2	0.8445				1.25		77.4096	89.9844	0
X351	0.32	0.889	16.32			7.8	0.1			1.065	3.5	3	2	7.3131	0.5			1.3164	0.5		0.8913			38.2017	45.1948	0
X352	0.395	3.9339	22.3485			8	0.8864			2.1063	2	2.4	1.7	7.9618	0.4			1			0.4571			45.6272	53.194	0
X353	0.4	3.3791	14.6686			11	0.7676			1.8706	2.5	2.4	1.9	7.8563	0.4			1			0.3957			40.6816	48.1379	1
X354	0.35	3.0981	11.1976			8	0.694			1.4924	2	2.4	1.7	6.268	0.4			1			0.3578			32.6899	38.6079	1
X355	0.325	3.0981	10.3978			8	0.694			1.4974	2.9	2.4	1.7	6.289	0.4			1			0.3578			32.7701	38.7341	0
X356	0.43	4.6269	13.5209			6				1.4643	0.8886	2	1.75	4.6126	0.5			1						32.1807	36.3633	1
X357	0.63	4.3423	19.9984			7.5				1.519	1.6332	2.5	1.5	7.3062	0.5			1						41.1229	47.7991	1
X358	0.69	4.3681	22.0753			9.5				2.298	4.1151	3	1.5	8.9977	0.5			1						49.0465	57.3542	0
X359	0.58	2.8723	18.4112			7.7				1.9414	4.083	3	1.5	8.0016	0.5			1						41.5879	49.0095	1
X360	0.295	3.6339	16.6019			5				1.5273	1.7094	2	1.2	5.4523	0.4			1						33.3675	38.5248	1
X361	0.295	3.8039	16.6019			5				1.5358	1.7094	2	1.2	4.8377	0.4			1						33.546	38.0887	1
X362	0.295	3.8039	12.2517			5.75				1.313	0.8547	2	1.2	5.5147	0.4			1						28.8683	34.088	1
X363	0.325	2.9681	10.3978			6.5				1.2062	0.6584	2	1.2	5.0661	0.4			1						26.6555	31.3966	0
X364	0.31	3.0981	12.2177			8	0.694			1.5434	2	2.4	1.7	6.4822	0.4			1			0.3578			33.721	39.8932	1
X365	0.345	3.2981	13.1295			8	0.694			1.594	1.9	2.4	1.7	6.6947	0.4			1			0.3578			34.8184	41.1681	0
X366	0.25	1.9557	21.0079			5				1.6866	0.5692	2.7	1.5	9.2799	1	2.483		0.447						38.5994	47.6293	1
X367	0.37	1.9557	34.1006			5				2.3663	0.5692	3.2	1.5	9.9384	1	3.3125		0.5963						53.9706	63.539	0
X368	0.44	1.7438	17.8513			9				3.717	12.9673	2.5	2	12.5449	0.4	6.6519		0.6272						57.8985	70.0034	0
X369	0.25	3.6339	14.2951			5				1.3576	0.623	2	1.2	5.1317	0.4			1						29.7596	34.6413	1
X370	0.26	3.7039	11.731			5.5				1.2579	0.623	2	1.2	4.7548	0.4			1						27.6758	32.1706	1
X371	0.255	3.7276	10.6268			5				1.2877	2.8	2	1.2	5.4084	0.4			1						28.2971	33.4505	1
X372	0.365	2.9681	11.6775		4.2	5.5				1.492	0.4938	2	1.2	6.2663	0.8			1					1	32.6964	38.5977	1
X373	0.31	3.8339	12.8746			7.5				1.627	3.8306	2.4	1.7	7.8582	0.4			1						35.4761	43.0243	0
X374	0.36	3.0981	16.1914			8	0.694			1.7421	2	2.4	1.7	7.3167	0.4			1			0.3578			37.9434	44.9001	1
X375	0.395	3.0981	17.7655			7.5				1.7921	2.6213	2.4	1.7	7.527	0.4			1			0.3578			39.0298	46.1618	1
X376	0.735	5.2565	30.5254			13			4.8566	3.4736	10.8342	3	1.5	13.1303	0.5			1						74.6813	87.0766	1
X377	0.72	10.249	23.0351			10			3.8018	2.8914	4.6089	3	1.5	11.9172	0.5			1						61.3062	72.5034	0
X378	0.72	9.9455	29.1918			17		0.15		3.9286	4.1926	4.5	2	10.2486	0.6	4.5376	0.6				0.144			77.5101	87.0387	0
X379	0.72	9.9455	24.8795			15		0.15		3.4823	3.2435	4	2	9.0844	0.6	4.0221	0.6				0.144			68.7869	77.1513	0
X380	0.68	8.2455	27.5701			14		0.15		3.552	4.9641	4	1.5	9.2661	0.6	4.1025	0.6				0.144			70.1082	78.6943	0
X381	0.68	9.9455	37.5956			17		0.15		4.6437	7.7251	5	2	12.114	0.6	5.3635	0.6				0.144			91.4474	102.8814	0
X382	0.24	3.8064	8.0759			9	0.3	0.15		2.1674	9.6239	2.2	2.5	5.6541	0.4	2.5034	0.5	0.5			1.138			43.105	48.5191	1
X383	0.33	3.8064	9.6592			10	0.4686	0.15		2.0144	3.774	2.5	2	6.044	0.5	2.3266	0.8	0.5			0.5853			39.4145	45.1285	1
X384	0.32	3.5864	9.3665		0.75	8.5	0.4686	0.15		1.7513	1.25	2.5	2	4.5685	0.5	2.0227	0.8	0.5			0.5853			35.0508	39.2993	1
X385	0.27	3.7564	7.903			6.5		0.15		1.461	2.3	1.5	2	3.8114	0.5	1.6875	0.8	0.5						29.3279	32.8693	0
X386	0.68	9.9578	21.9412			15		0.15		3.447	5.5551	4	2	8.9922	0.6	3.9813	0.6				0.144			68.0564	76.3686	0
X387	0.68	9.9578	21.3143			15		0.15		3.377	4.9651	4	2	8.8097	0.6	3.9005	0.6				0.144			66.6887	74.8184	0
X388	0.68	8.2578	21.6278			14		0.15		3.2111	4.9651	4	1.5	8.3767	0.6	3.7088	0.6				0.144			63.4446	71.1413	0
X389	0.24	2.5858	14.8249			6				2.2649		2.5	2	12.8418	0.4	4.6044		0.4342						35.8542	48.456	1
X390	0.195	1.9472	7.0963		1.6	5				1.0183	0.7228	2	1.5	4.2769	0.5	1.4255		0.2566						23.2617	27.3436	0
X391	0.195	1.9472	7.0963			5				1.1747	1.4506	2	1.5	4.9338	0.5	1.6444	4	0.296						26.8042	31.543	1
X392	1.05	8.78	36.941			15				3.6104	2.4379	5	2	18.9548	0.75	10.1503		1.8955				0.3	1	88.9151	106.8199	0
X393	0.22	1.9309	7.5416		4.5	5.5				1.3436		3.6	1.8	11.2864	0.5	4.2307	1.2	0.7901				0.3		33.4569	44.5233	1
X394	0.28	1.9309	9.5983		9.5	5.5				1.6365		3.6	1.8	10.3097	0.5	4.7847		0.8935				0.3		40.3239	50.3536	0
X395	0.53	2.2309	25.587		8	10				2.7324	1.0292	4	2	14.3449	0.5	7.6817		1.4345				0.3	1	67.0257	80.8406	0
X396	0.53	2.2309	26.9928		8	10				2.8026	1.0292	4	2	14.7139	0.5	7.8793		1.4714				0.3	1	68.7362	82.9201	0
X397	0.22	1.9309	7.5416		8	5.5				1.4586		3.6	1.8	9.1893	0.5	4.2648		0.7964				0.3		35.9123	44.8816	0
X398	0.22	1.9309	11.0879		8	5.5				1.6359		3.6	1.8	10.3064	0.5	4.7832		0.8932				0.3		40.2511	50.3375	0
X399	0.685	3.28	21.6278			13				7.5358	6.0576	5	2	20.7235	0.75	11.0975		2.0724				0.3	23.3429	96.749	116.7875	0
X400	0.7	3.28	24.6273			13				2.7811	5.6652	5	2	14.6009	0.75	7.8188		1.4601				0.3	1	68.3825	82.2834	0
X401	0.7	3.28	33.7941			13				3.2887	7.6498	5	2	17.2657	0.75	9.2458		1.7266				0.3		80.735	97.3007	0
X402	0.7	3.4002	23.5171		1.6	10.5				6.967	0.6671	5	2	17.6265	0.75	10.0956		1.8853				0.3	21.9355	89.3178	106.2443	1
X403	0.545	2.2309	25.7329		10	10				8.3431	7.2204	4	2	22.9434	0.5	12.2862		2.2943				0.3	21.4463	106.8991	129.2975	0
X404	0.515	2.2309	16.2604		10	10				7.372	6.9823	4	2	20.273	0.5	10.8562		2.0273				0.3	21.4463	94.4904	114.2484	0
X405	0.285	2.5577	9.2619			5.5		1.3306		3.815		3	1.5	8.393	1	2.8528	6.5	1.5107					7.5	46.6137	54.7217	0
X406	0.285	2.5577	9.2619		3.5	4.5		1.3306		3.215		3	1.5	7.073	1	2.4041		1.2731					5.5	39.3274	46.1154	0
X407	0.77	4.0577	26.6382			11		1.3306		4.6976	5.925	6.5	1.5	19.7298	1	6.7062	36	3.5514						109.6767	128.6365	0
X408	0.232	2.5746	7.8099		3.5	4.5		1.3407		3.0425		2.7	1.5	6.6935	1	2.2751		1.2048					5.5	37.1796	43.6411	1
X409	0.98	13.7997	14.266			15				2.6862	4.5582	4	1.5	14.1025	0.6	3.917		0.7051						62.0122	75.1347	1
X410	0.365	3.8039	15.1589		2.4	5.5				1.6252	0.641	2	1.2	6.8258	0.8			1					1	35.494	41.9548	0
X411	0.365	2.9394	11.4776		2.5	5.5				1.3951	0.4854	2	1.2	5.8595	0.8			1					1	30.6625	36.157	0
X412	0.32	2.9203	12.48			5				1.3171	1.3415	2	1.2	5.5318	0.4			1					1	28.9789	34.1907	1
X413	0.32	2.9903	12.48			5				1.3206	1.3415	2	1.2	5.5465	0.4			1					1	29.0524	34.2789	1
X414	0.275	2.9203	10.725			5				1.1867	0.4889	2	1.2	4.9842	0.4			1					1	26.1959	30.9051	0
X415	0.415	3.1203	16.185			8	0.6996			1.7933	2	2.4	1.7	7.5318	0.4			1			0.3608		1	39.074	46.1908	1
X416	0.475	8.9968	16.3791			10	0.7008			2.1678	2	2.7	1.75	9.1046	0.5			1			0.3286			46.9981	55.6277	1
X417	0.385	8.9968	12.5672			6.8				1.6307		2	1.75	6.8489	0.5			1						35.6297	42.0936	1
X418	1.005	3.6003	32.9306		3.2	8				2.624		2.5	1.75	13.7762	0.5			0.6888						56.7987	69.5699	1
X419	0.915	3.7203	29.7688			9.5			5	3.0268	7.6475	3	1.5	11.4414	0.4			1						65.4784	76.0048	1
X420	0.5	4.9203	16.2964			6.7				1.6735	1.3037	2	1.75	6.3259	0.5			1						36.6439	42.4698	1
X421	0.32	3.9339	17.9125			8	0.8864			1.9495	2	2.4	2	8.1879	0.4			1			0.4571		1	42.2594	50.1273	0
X422	0.45	3.9101	13.9069			7		0.15		6.05	3.2331	4.5	2	10.0833	0.6	3.6602							15.1165	60.5768	70.2101	0
X423	0.55	3.2385	17.7818			7		0.15		6.4857	3.661	4.5	2	10.8096	0.6	3.9239							15.1165	65.0074	75.267	0
X424	0.86	3.2385	27.8043			8		0.15	4.8373	9.9599	4.6594	4.5	2	16.5998	0.6	6.0257							27.2097	99.8448	115.5846	0
X425	0.73	3.2385	22.5601			8		0.15	4.8373	8.6929	3.8797	4.5	2	14.4881	0.6	5.2592							22.6748	87.1225	100.8806	0
X426	0.365	3.477	13.1062		4.8	6.5				1.6515	0.5466	2	1.2	6.9363	0.4			0.5					1	35.5463	42.1176	1
X427	0.4	4.7531	12.24			14		0.15		6.8313	3.8132	4.5	3	11.3855	0.6	4.1329					1.5303		12.3408	68.2916	79.2771	0
X428	0.57	1.7432	27.4799		2.7	7				3.6424	1.7063	2.5	2	12.293	0.4	6.5183		0.6146						56.8747	68.5977	0
X429	1.6	5.8432	27.8762		2	12				2.93	5.0198	3.5	2	15.3823	0.36	8.1565		0.7691						72.0548	85.8371	0
X430	0.63	4.28	30.7465			11				3.3678	14.5	3.5	1.8	14.1449	0.5			4.2435	1.03					75.5978	89.1127	0
X431	0.515	2.8179	20.3103			10.5	0.375	0.15		1.7988	0.1892	2.5	2	5.1735	0.4	2.5723					0.5539			44.6824	49.3409	1
X432	0.4	1.95	27.4259			10				2.9469	8.5	6	2.8	12.3768	0.5			3.713	0.91		0.8512			65.997	77.9738	1
X433	0.4	6.47	26.829			10				2.9436	5.2	5.5	2.8	12.3631	0.5			3.7089	0.74		0.833			65.9245	77.8876	1
X434	0.465	2.5245	25.1358			12	0.375	0.15		3.1945	8.1991	3.5	2.2	8.3336	0.4	3.6897					1.0727			62.9063	70.7749	0
X435	0.465	2.5245	26.3572			12	0.375	0.15		3.2648	8.1991	3.5	2.2	8.5168	0.4	3.7708					1.0727			64.2791	72.3309	0
X436	0.522	2.862	23.5261			12	0.375	0.15		2.6677	0.1813	3.5	2.2	6.9591	0.4	3.0811					1.1997			52.6649	59.102	0
X437	0.4	4.6863	11.9816			14		0.15		6.7359	3.7327	4.5	3	11.2266	0.6	4.0752					1.4874		11.9948	67.3439	78.1705	0
X438	1.3	0.125	18.439			8.5	0.36			1.7763		3	2	5.9683	0.4	2.8407	1	0.4327	0.325		0.7263	0.1	0.55	41.875	46.5433	0
X439	1.32	0.125	13.3267			8.5	0.36			1.5207		3	2	5.4287	0.4	2.4528	1	0.3736	0.325		0.7263	0.1	0.55	36.0801	40.1888	0
X440	0.522	2.8537	20.9501			12	0.375	0.15		2.5189	0.1805	3.5	2.2	6.5709	0.4	2.9093					1.197			49.7565	55.8054	0
X441	0.465	2.5162	20.7831			12	0.375	0.15		2.9417	8.1656	3.5	2.2	7.674	0.4	3.3977					1.07			57.9643	65.1733	0
X442	0.285	11.41	11.2888			10				2.3566	3.85	5.5	2.8	9.8977	0.5			2.9693	0.95		0.833			52.7427	62.3554	0
X443	0.3	11.41	11.8829		5	8				2.5813	5	5	2.85	10.8414	0.7			3.2524	0.95		0.833			57.7596	68.301	0
X444	0.37	1.9658	12.1914		4.5	5.7				3.2905	0.8473	3.6	1.8	18.0975	0.5	5.8147	1.5	1.0859				0.3		43.4656	61.1931	0
X445	0.32	1.93	12.9571			8.8				1.8839	4.1	5	2.8	7.9124	0.5				0.74		0.8512			39.8822	47.4746	1
X446	0.265	1.41	9.3387		6.8	5.2				1.8177	4.9704	4.8	1.8	7.6342	0.5			2.2903	0.79		0.7443			40.7264	48.0956	0
X447	0.99	12.6897	36.3482			15				4.0403	7.7173	5	2	21.2114	0.75	11.3587		2.1211				0.3	1	99.3153	119.5367	0
X448	0.768	3.56	33.6267			25	1.44			4.1559	7.15	4	5	17.4547	0.65			5.2364	0.83		1.8609			93.2779	109.9646	1
X449	0.27	3.257	13.4572			5				1.3384	0.5547	1.9	1.2	5.6215	0.4			1					1	29.3773	34.7288	1
X450	0.32	3.577	16.035			8	0.78			1.8847	3.1	2.4	2	7.3221	0.4			1			0.4022		1	40.8989	47.901	1
X451	0.39	3.677	19.5427			8.5	0.7812			2.0902	3.5	2.4	2.5	8.7787	0.5			1			0.4022			45.2833	53.672	1
X452	0.39	3.677	19.5427			8	0.7812			2.0852	3.5	2.9	2.5	8.7577	0.4			1			0.4022			45.1783	53.546	1
X453	0.35	3.297	17.6321			5				1.5515	1.5	2	1.2	6.5161	0.4			1						33.9306	40.0967	1
X454	0.275	3.0366	10.731		1.7	5				1.2735	0.5023	1.9	1.2	5.3487	0.4			1					1	28.0184	33.0921	0
X455	0.275	3.0366	8.6974		3.6	6				1.3168	0.5023	1.9	1.2	5.5306	0.4			1					1	28.9281	34.1837	0
X456	0.34	3.0366	10.7531			5				1.2045	1.8	1.9	1.2	5.0588	0.4			1						26.6342	31.353	0
X457	0.39	3.0516	12.5158		4.5	7				1.6085	0.5023	2	1.2	6.7556	0.4			1					1	35.1682	41.5338	0
X458	0.31	10.5915	10.799			7.5				1.6195		1.9	1.2	6.802	0.4			1						35.32	41.812	1
X459	0.32	10.3448	11.3188			9	3.1744			2.077	2.5	2.4	2	8.7234	0.4			1			0.4022			44.9372	53.3406	1
X460	0.35	3.1316	11.6508			9	2.828			1.7684	3	2.5	2.5	7.4274	0.4			1			0.3583			38.4871	45.5645	0
X461	0.4	3.857	19.5344			9	0.7812			2.1687	3.8	2.8	2.7	9.1087	0.5			1			0.4022			46.9435	55.6522	0
X462	0.33	3.577	11.4957			10	0.7812			5.6051	2.5	2.5	2.5	9.1282	0.5			1			0.4022		5.78	46.9712	55.7694	1
X463	0.8	4.0866	25.6735			13				2.6524	4.7882	3	2	11.1401	0.5			1						57.5007	67.8408	0
X464	0.62	4.0866	26.3852		1.7	8				3.0375	4.9533	3	2	10.7325	0.5			1						55.2826	65.3951	0
X465	0.575	20.211	20.9548			12.5				3.2273	3.8792	5	1.5	13.5545	0.5			1						69.3473	82.3268	1
X466	0.24	3.0366	7.5904			6.5				1.2153	3.579	1.9	1.2	5.1043	0.5			1						26.7613	31.6256	0
X467	0.325	3.0716	13.6798			6.5				1.4315	1.779	1.9	1.2	6.0124	0.5			1						31.3869	37.0743	0
X468	0.3	3.517	10.4507			6.8				3.633	0.7074	2	1.2	6.7816	0.5			1					5.1	35.2081	41.6897	1
X469	0.8	4.0866	25.3014			14				8.3544	7.2323	3	2	15.5949	0.5			1					13.5	79.7747	94.5696	0
X470	0.16	2.6021	5.7569			4.5				1.6213	1.5663	2.5	2	6.8093	1	2.3145	12.5	1.2257						37.7468	44.3961	0
X471	0.43	7.93	15.6969			8.5				1.9579	1.0316	3	2	8.2233	0.5			1				0.5		42.5464	50.3397	1
X472	0.265	2.7921	7.7686			7.5		1.3572		3.1263	1.9951	2.5	1.5	6.8779	0.6	2.3378		1.238					5.25	38.2301	44.843	0
X473	0.85	5.3901	12.6281			20				2.5289	6.4603	4	1.5	13.2769	0.6	3.6876		0.6638						58.3088	70.7357	0
X474	0.75	14.0119	11.1425			15				2.6588	6.9217	4	1.5	13.9587	0.6	3.877		0.6979						61.1598	74.3685	1
X475	0.42	2.1863	15.4124			10	0.3			1.716		3	1.8	7.2073	0.5	2.426		0.8649			1.122			39.7476	46.5349	1
X476	0.522	2.8628	20.5744			11	0.375	0.15		1.9144	0.0907	3.5	2.2	5.5059	0.4	2.7375					1.2			47.5268	52.5107	0
X477	0.522	2.9317	21.4901			11	0.375	0.15		1.9349	0.1876	3	2.2	5.565	0.4	2.7669					1.0731			48.0313	53.0743	0
X478	0.29	1.9998	12.6296		7.2419	5.7				4.1972		3.6	1.8	13.8509	0.5	6.4282		1.2004				0.3	8.2011	54.0882	67.6491	1
X479	0.2	1.9744	9.2296		8.5267	5.7				3.771		3.6	1.8	12.4443	0.5	5.7754		1.0785				0.3	6.0794	48.535	60.7793	0
X480	0.73	2.6583	24.613			14				2.677	5.2693	4	2	11.2435	1	3.8217		2.0238						62.7931	73.3066	0
X481	0.745	8.9598	19.3162	5.0163		13				4.9185	19.7823	5	2	25.8222	0.75	13.8278		2.5822				0.3	24.2456	120.4437	145.5209	0
X482	0.745	8.9598	30.1262	5.5737		13				4.8349	6.7436	5	2	25.3835	0.75	13.5928		2.5383				0.3	24.2456	118.4099	143.0484	0
X483	0.27	1.9998	9.0579		4.5	5.25				1.3504		3.6	1.8	8.5074	0.5	3.9483		0.7373				0.3		33.3137	41.5511	1
X484	0.29	1.9836	9.5885		3	5.8				1.3286		3.6	1.8	11.9973	0.5	4.2731		0.798				0.3		33.2618	44.9691	0
X485	0.37	3.3949	11.0516			11	0.5	0.15		6.0263	1.3707	4	2.5	12.8117	0.4	3.6459		0.5			2.1182		10.9654	57.993	70.4347	1
X486	0.43	7.5972	14.3734			7.5				1.7333	0.9447	2	1.75	5.4598	0.5			1						37.8286	42.8584	1
X487	0.64	3.6012	25.8182		2.5	7.5				2.2085		2.5	1.75	12.9858	0.5			0.5936						47.6115	59.9573	1
X488	0.25	1.9971	12.9536		8.7296	5				1.7236	0.5914	2.7	1.5	9.4832	1	2.5374		0.4568						39.4395	48.6727	0
X489	0.55	2.6867	21.2186			8		1.408		5.9351	6.7874	3	2.25	13.0572	1	4.4381	6.5	2.3503					6.5	72.6242	85.1314	0
X490	0.5	2.6867	18.8838		1.2	8.5		1.408		2.208	6.8805	2.5	1.5	9.2734	0.6	3.152		1.6692						51.6882	60.4616	1
X491	0.7	4.3867	26.4373		1.2	8.5		1.408		2.575	4.9679	2.5	1.5	10.815	0.6	3.676		1.9467						60.3976	70.5126	1
X492	0.37	3.2707	18.5414			10.725	0.4	0.15		2.588	4.5756	3	2	6.7513	0.4	2.9891		0.5			1.9461			51.4559	57.8372	0
X493	0.37	3.2988	15.1078			9.5	0.4	0.15		1.8581	4.5681	3	2	6.059	0.4	2.6571		0.5			1.9683			45.7782	51.4672	0
X494	0.39	3.2707	11.2105			10	0.225	0.15		2.0794	5.5887	3	2	3.7808	0.4	2.4017		0.5			1.9627			43.1787	46.5695	0
X495	0.39	3.3109	11.8813			11	0.225	0.15		2.2247	4.7281	3	2	5.8036	0.4	2.5695		0.5			1.9951			44.3746	49.7882	0
X496	0.39	3.3109	22.2944			10	0.225	0.15		2.8177	5.6281	3	2	7.3505	0.4	3.2544		0.5			1.9951			55.9656	62.9261	0
X497	0.39	3.3109	18.1004			10	0.225	0.15		2.542	5.0281	3	2	6.6314	0.4	2.9361		0.5			1.9951			50.5776	56.819	0
X498	1.7	7.0526	33.9871			12				3.163	4.36	3.5	2	16.6057	0.36	8.8052		0.8303						77.7582	92.6639	0
X499	0.45	7.2356	16.5599			14		0.15		3.9007	23.793	3.5	2	10.1758	0.6	4.5053		0.8642						77.5587	87.2845	0
X500	0.45	7.3408	14.4732			14		0.15		3.2513	14.4807	3.5	2	8.4817	0.6	3.7553		0.7203						64.7216	72.7533	1
X501	0.45	7.2408	13.7115			14		0.15		3.2678	15.6286	3.5	2	8.5246	0.6	3.7743		0.724						65.047	73.1216	0
X502	0.37	3.3157	11.0949			11	0.5	0.15		5.2084	1.3824	4	2.5	7.945	0.4	3.1511		0.5			2.4968		7.2991	53.3684	60.9434	0
X503	0.75	3.4119	28.3445		1.6	11				5.4633	0.7268	5	2	15.0241	0.75	8.0454		1.5024				0.3	1.5	70.3943	84.6684	0
X504	0.21	2.7031	7.0081		2.5	5		1.4179		1.28	2.3699	2.5	1.5	5.3758	0.6	1.8272		0.9676						29.8838	35.0496	0
X505	0.45	7.1928	15.9534			14		0.15		3.5589	18.4971	3.5	2	9.284	0.6	4.1105		0.7885						70.8012	79.6352	0
X506	0.37	3.266	20.5219			10	0.88			2.2073	4.1773	3	1.2	9.2705	0.5	3.0684		0.1669		0.6				49.9578	58.8583	0
X507	0.31	3.8487	19.5118			6				1.7975	1.2888	3	1.2	7.5494	0.5	2.4988		0.1359		0.6				40.6915	47.9309	1
X508	0.25	3.8487	15.7353			4.8				1.5486	1.2888	3	1.2	6.5043	0.5	2.1529		0.1171		0.6				35.0414	41.2957	1
X509	0.26	3.9777	18.1371			4.8				1.6805	1.3952	3	1.2	7.0581	0.5	2.3362		0.127		0.6				38.0137	44.8118	0
X510	0.43	4.7288	16.8449			6				1.6525	1.2256	2	1.75	5.2053	0.5			1						36.1318	40.9071	1
X511	0.35	4.3137	12.6245			8		0.2		2.0538	2.3649	2.5	1.8	6.7782	0.5	2.3721		0.4067	0.48				1.1081	39.0738	45.502	1
X512	0.44	3.3186	14.9503			11	0.5	0.15		6.1092	1.3839	4	2.5	9.3192	0.4	3.6961		0.5			2.4994		11.0709	62.5184	71.3976	0
X513	0.4	1.46	29.401			10				2.5436		5	2.5	10.6832	0.6			3.205	0.87		1.0413			57.0209	67.3041	0
X514	0.2	1.79	10.4			8				1.8385	6.4577	5	2.8	7.7218	0.7			2.3166	0.79		0.833			41.1258	48.6476	0
X515	0.275	1.74	12.6197			12	0.48			2.1617	5.6013	5	2.8	11.3488	0.6			2.8372	0.61		1.7024			48.4273	59.5811	1
X516	0.7	5.2675	23.9469			16		1.4114	4.3365	3.2076	7.3394	3	2.25	13.4719	0.6	4.5791		2.4249						75.0633	87.8352	0
X517	0.7	5.2675	20.5741			16		1.4114	4.3365	3.0389	7.3394	3	2.25	12.7636	0.6	4.3383		2.2974						71.1535	83.2171	0
X518	0.91	5.2675	31.7888			15		1.4114	4.3365	3.5872	7.3394	3	2.25	15.0662	0.6	5.121		2.7119					0.75	84.0737	98.2299	1
X519	0.22	2.0006	8.1351			5.5				1.0918		3.6	1.8	6.8783	0.5	3.1922		0.5961				0.3		26.9358	33.5941	0
X520	0.415	3.9378	23.6691			15		1.4259		2.5266		4	1.5	10.6119	1	3.607		1.9101						58.9915	69.1884	0
X521	0.2	2.0111	7.4386			5.5				1.0275		3	1.8	6.4732	0.5	3.0042		0.561				0.3		25.3424	31.6156	0
X522	0.27	0.215	8.596		1.3	4	0.06			0.9173		1.8	1.5	3.4674	0.4	1.4923		0.2273	0.275			0.2		21.2529	24.4503	0
X523	1.4	0.125	20.0646			10	0.21			1.8778		3	2.25	5.9151	0.4	2.9772	0.8	0.4535	0.275		0.2314	0.2		44.2645	48.7796	0
X524	0.28	2.0111	22.3977			8				1.9304		3.6	1.8	14.1887	0.5	5.8614		1.0946				0.3		47.7752	61.6839	0
X525	0.37	3.5556	21.6894		10.4943	10		0.15		3.4963	1.8	3.5	2	16.1368	0.6	4.0382		0.7746						62.4684	78.2352	1
X526	0.28	2.0111	36.3163			8				2.6264		3.6	1.8	19.3038	0.5	7.9744		1.4892				0.3		64.8974	83.9212	0
X527	0.2	2.0111	7.4386		4.5	5.25				1.27		3.6	1.8	10.2678	0.5	3.956		0.7388				0.3		31.5645	41.6323	1
X528	0.2	1.7683	17.5732			7				1.8871	6.5	2.5	2	8.322	0.4	5.0852		0.4795						45.3933	53.5153	1
X529	0.38	3.66	20.5154		5.5	18				3.1665	4.5	5	2.8	13.2992	1.5			3.9898	0.79		1.064			70.8657	83.7849	1
X530	0.275	2.9098	11.1149		2.2	4				1.2237		2	1.75	7.1956	0.5			0.3289						26.3023	33.2229	0
X531	0.315	4.39	12.7547		3	10				2.2649	4.2	5.7	2.8	9.5127	0.6			2.8538	0.79		1.064			50.7324	59.9301	1
X532	0.27	0.6104	0			10	0.88			0.8325	0.56	2.3	1.2	3.4966	0.5	1.1573		0.0629		0.6				18.9731	22.1997	1
X533	0.285	3.1466	10.2771			8.75	0.6			2.417	3.4	2	1.2	15.1168	0.4	2.7917	3	1.3387					0.45	40.0561	54.8879	1
X534	0.675	9.6061	22.0802			15	0.16			4.6494	10	2	1.4	29.3409	0.6	5.37	2.1	2.5752					0.7	76.9159	105.5818	1
X535	0.675	14.3831	33.4961			25		0.15		8.9399	20.3628	6.3	2	21.2855	0.6	7.5159		1.4417					4.1353	124.9998	145.6103	1
X536	0.55	4.7292	25.1147			6				2.2768	5.6927	2	1.5	7.172	0.5			1						49.3634	55.9854	0
X537	0.66	4.4292	30.1376			9.5			7	3.2734	9.4005	3	1.5	10.3111	0.5			1						70.4007	80.0518	1
X538	0.64	4.767	30.0342		3.3	8.5				2.5801		2.5	2	16.9046	0.5			0.7109						55.5322	71.7968	0
X539	0.275	3.0291	14.4478		2.7	4				1.4213		2	1.75	7.4621	0.5			0.3731						30.4963	37.6834	0
X540	0.66	4.5792	30.1376			8				2.7794	8.8708	2	1.5	5.8367	0.5			1						60.027	65.2037	1
X541	0.44	5.6801	17.4006			6.6				1.759	1.2497	2	1.75	5.5409	0.5			1						38.3794	43.4803	1
X542	0.385	1.37	25.0154			7.5				2.0423	0.75	3	1.7	8.5775	0.5			2.5733	1.01					45.846	54.0385	0
X543	0.45	1.53	23.6853			12				2.4694	1.7764	5	2.8	10.3716	0.6			3.1115	0.96		1.037			55.4196	65.3412	1
X544	0.27	3.5	15.262			7.5	0.75			2.0593	8.2901	3	1.5	12.9734	0.6	3.1229	0.6	0.5622	0.1833					47.1998	59.9032	0
X545	0.21	3.5	19.7627			7.5	0.75			2.2843	8.2901	3	1.5	14.3911	0.6	3.4642	0.6	0.6236	0.1833					52.2682	66.4493	0
X546	0.32	3.35	20.5326			7.5	0.75			2.0908	3.5	3	1.5	8.7813	0.5	2.9558	1	1.0538	0.1833					48.2363	56.6976	0
X547	0.27	5.3219	10.1468		1	10	1.2			2.6872	3.3	3.025	2.25	12.1001	1	5.6432	1	1.3108			0.09		2	50.2449	62.075	0
X548	0.27	5.3219	10.1468		1	10	1.2			2.5823	3.3	3.025	2.25	11.8001	1	5.4227	1	0.5113			0.09		1	48.12	59.6501	0
X549	0.27	5.3219	10.1468		0.75	10	1.2			2.7133	3.9405	3.025	2.25	12.2173	1	5.6978	1	1.3235			0.09		2	50.7288	62.6761	0
X550	0.27	5.3219	10.1468		0.75	10	1.2			2.6735	3.9405	3.025	2.25	12.2173	1	5.6144	1	0.5294			0.09		2	49.8115	61.7588	0
X551	0.295	3.6126	11.6849		0.7657	10	0.285	0.15		2.192	4.0636	3	2	5.7181	0.4	2.5317		0.5			2.1591			43.6396	49.0627	1
X552	0.355	4.3537	37.6119			9		0.15		3.4769	3	3	2	9.0701	0.4	4.0158		0.5			0.9517			68.815	77.5301	1
X553	0.355	3.6126	23.342			9	0.285	0.15		2.8368	2	3	2	12.2023	0.4	3.2765		0.5			0.7442			51.5021	63.3494	0
X554	0.355	3.6126	30.4422			9		0.15		3.1734	3.2	3	2	10.9197	0.4	3.6653		0.5			0.7442			60.2427	70.8074	1
X555	0.615	13.486	23.3856			25		0.15		7.717	17.7789	6.3	2	18.3739	0.6	6.4878		1.2445					3.1688	107.9336	125.6925	0
X556	0.3	1.72	13.1435			6				1.4362		3.3	2.8	6.0319	0.7			1.8096	1.06					32.2693	38.0012	1
X557	0.675	13.7936	28.917			25		0.15		8.3286	18.8196	6.3	2	19.83	0.6	7.002		1.3431					3.57	116.4989	135.6539	0
X558	1.04	5.8111	46.2654			15		1.7375	5.5224	4.4986	9.0352	3	2.25	18.894	0.6	6.4221		3.4009					0.75	105.3332	123.1872	0
X559	0.32	0.785	14.7264		0.8	9	0.34			9.7428	6.0738	5	2.8	12.7739	0.5		1	3.8322	0.78		1.2163		11.1053	68.0218	80.4757	0
X560	0.25	1.93	26.845			10				2.8335	7	6	2.5	11.9007	0.5			3.5702	0.95		0.9452			63.3239	74.9746	1
X561	0.26	2.09	29.5142			10				3.5039	17.3785	6	2.8	14.7164	0.5			4.4149	0.85		0.9452			78.2567	92.7131	0
X562	1.55	0.2	38.4347		0.7	10	0.06			3.0993	1.7212	6	2.25	11.7153	0.4	5.042	1.3	0.768	0.72			0.2		72.4452	82.6105	0
X563	1.55	0.2	42.7128		0.7	10	0.06			3.3288	2.0331	6	2.25	12.5828	0.4	5.4153	1.3	0.8249	0.72			0.2		77.6949	88.7277	0
X564	0.285	0.215	11.2308		1.3	4	0.06	0.4		1.0703		1.8	1.5	4.0457	0.4	1.7412		0.2652	0.4			0.1		24.7675	28.5282	0
X565	0.285	0.215	13.7198		1.3	4	0.06	0.4		1.1947		1.8	1.5	4.5161	0.4	1.9436		0.2961	0.4			0.1		27.6142	31.8453	0
X566	1.32	0.125	17.3892			8.5	0.51			1.7003		3	2.25	6.4272	0.4	2.7661	0.8	0.4213	0.65		0.282	0.1		40.2139	45.3211	0
X567	1.32	0.125	20.1734			8.5	0.51			1.8395		3	2.25	6.9534	0.4	2.9925	0.8	0.4558	0.65		0.282	0.1		43.3982	49.0316	0
X568	0.26	2.01	24.0071			12				2.8342	7.377	5.5	2.5	11.9037	0.5			3.5711	0.9		1.8904			63.3498	74.9935	1
X569	0.2	1.8344	15.8291		0.7912	5.25				1.4093	0.7306	2	1	15.3892	0.4	2.4988		0.4498					0.35	32.7432	47.9324	1
X570	0.285	2.7355	11.7327			9				1.3491	0.1131	2	1	5.6661	0.4	1.8885		0.34						30.8439	36.225	0
X571	0.625	5.2624	26.2731			12.5		1.6484	5.2184	2.8751		3	2.25	17.0868	0.6	4.3883		2.3239					0.75	67.7146	84.1764	1
X572	0.285	4.58	16.5377			8.4	0.435			2.1102	3.8	4	2	8.8627	0.5			2.6588	0.79		1.1605			47.2572	55.8349	1
X573	0.2	3.135	10.3415		3.5	3.5				1.304	0.7943	2.5	1.5	4.1077	0.5				0.31					27.5848	31.4925	1
X574	0.85	7.24	38.5864			18				4.3059	11.497	3.5	3.5	18.0849	0.7			5	0.595		2.5			96.2743	113.5092	0
X575	0.3	3.39	13.9919		2.5	8	0.255	5		2.4302	7.5	3.5	2	10.2068	0.5			3.062	0.73		1.2367			54.3958	64.3026	0
X576	0.35	3.2608	42.6513			5				2.9537	1.6617	4	1.5	10.3586	1	4.0211		0.7239						67.1225	77.1311	1
X577	0.32	2.7853	21.5623			5.5				1.8024		3.6	1.8	9.4625	0.5	5.0672		0.9463				0.3		44.1835	53.326	0
X578	1.1	5.2389	60.0064		29.9476	10				10.0422	6.835	11	2	40.671	0.5			1						137.6701	177.2411	1
X579	0.53	3.4542	25.8046			7.5		1.8684		2.8407	7.6876	5	1.5	11.9311	1	4.0554	3	2.1476						66.3885	77.7896	1
X580	0.26	2.8237	45.3883			5.9				6.0512		3.6	2	18.6377	0.5	9.125		1.704				0.3		77.6522	96.0299	0
X581	0.25	2.8337	11.4425			11				2.3421	13.2666	4.5	2.5	15.3949	1	6.9165		1.2916				0.3		57.643	72.7879	1
X582	1.32	0.125	12.4293			8.5	0.51			1.4538		3	2.25	5.4954	0.4	2.3651	0.8	0.3603	0.65		0.3119	0.1		34.5754	38.7508	0
X583	1.58	0.2	32.9675		0.7	10	0.06			2.7969	1.1409	6	2.25	10.5724	0.4	4.5501	1.3	0.6931	0.72			0.2		65.5585	74.5509	0
X584	0.31	0.215	7.2369		1.5	4	0.06	0.6		0.8906		1.8	1.5	3.3665	0.4	1.4488		0.2207	0.4			0.1		20.682	23.7385	0
X585	0.37	14.5953	16.4439			8.7				2.388	2.3217	3	2	10.0298	0.4			1				0.3		51.5189	61.1787	1
X586	0.62	16.2016	27.5547			9.2				3.0432	2.3217	2.5	2	12.7812	0.4			1				0.3		65.1412	77.6874	1
X587	0.61	8.8859	27.1103		1.8	9.5				2.857	4.6433	2.5	2	13.7992	0.4			1				0.3		61.6065	74.7957	1
X588	0.81	12.8688	35.9989		2.2	9				3.5288	5.1077	2.7	2	14.8208	0.4			1				0.3		75.9142	89.925	1
X589	0.77	16.8083	34.2212		2.2	11			5.5	3.9886	4.8417	2.5	2	16.752	0.4			1				0.3		85.5298	101.5118	1
X590	0.48	3.5	27.2642			18				3.1934	4	5	3	13.4125	1			4.0237	0.79		1.3147			71.566	84.4985	0
X591	0.91	1.655	91.2148			17	1.8			7.3486	16.2988	5	2.8	30.8642	1		2.5	3.7037	0.48		6.5736		0.65	158.9345	188.8887	0
X592	0.7	12.924	31.3968		2.2	9				3.5146	9.3721	2.7	2	18.4519	0.4			1				0.3		75.5075	93.2594	1
X593	0.65	9.1568	28.7347			9.5				2.8143	3.6949	2.5	2	14.7752	0.4			1				0.3		60.7507	74.8759	1
X594	0.35	2.335	25.0236			12	0.045			3.1615	6.8	5	2.8	16.598	0.6		1.75	4.1495	0.48		6.397			70.8916	87.1396	0
X595	0.32	4.0935	14.4554			8	0.66	0.15		2.3153	3.872	3	2	7.7175	0.6	2.6741	0.85	0.5			0.9068			44.3971	51.7946	0
X596	0.32	4.0935	13.2164			8	0.66	0.15		2.2409	3.872	3	2	7.4697	0.6	2.5883	0.85	0.5			0.9068			42.9979	50.1476	0
X597	0.464	4.3435	19.1637			10	0.27	0.15		2.8422	4.1365	3	2	9.4741	0.6	3.2828	2.15	0.5			1.5569			54.4596	63.4697	0
X598	0.464	4.3435	20.8106			10	0.09	0.15		2.9303	4.1365	3	2	9.7675	0.6	3.3844	2.15	0.5			1.5569			56.1162	65.4197	0
X599	0.245	4.3435	10.1188			6.5		0.15		1.7664	3.0779	2.5	1.5	5.888	0.6	2.0402	0.65	0.5						33.9918	39.6348	0
X600	0.35	2.7891	59.8771			5.9				7.4966		3.6	2	23.0896	0.5	11.3047		2.111				0.3		96.2285	118.9681	0
X601	0.28	2.4842	39.3082			6.5				5.0933		5	2	15.4214	1	8.2582		1.5421				0.3		71.766	86.9074	0
X602	0.265	3.4611	12.3139			8		1.8725		3.8648		3	1.5	8.5025	1	2.89		1.5304					7.5	47.1977	55.4352	0
X603	0.21	3.2684	9.8028			5				1.5591	0.8112	3	1.5	6.5483	1	2.1825	6.8	0.3929						35.5269	41.8652	0
X604	0.52	3.4322	23.941			10				3.5313	8.7532	4.5	2	14.8315	1	5.0412	17	2.6697						82.3886	96.7001	0
X605	0.245	4.14	9.9572			8		0.15		1.6206		2.5	1.5	4.2277	0.5	1.8718		0.8976			1.4375			32.8197	36.8024	0
X606	0.305	5.7078	10.9517			6.5				1.43	1.3398	2.5	1.2	6.0059	0.4			1						31.3343	37.0352	1
X607	0.303	5.6328	10.8799			6.5				1.5207	3.3013	2.5	1.2	6.3869	0.4			1						33.2377	39.3216	1
X608	0.3	4.027	10.4507			10	0.7568			1.8399	6.1632	2.5	2.5	7.7275	0.4			1						39.9376	47.3651	1
X609	0.6	4.142	21.8659		2.2	14.8	0.5372		2.7	3.1793	11.9405	2.5	2.5	13.353	0.4			1						68.3649	81.1179	1
X610	0.4	1.38	18.9256			8.6			4.7	2.2683	5.2	3	2.3	8.0978	0.5			2.2293	0.76					50.2632	57.961	1
X611	0.41	1.38	18.6527			8				2.4266	13.589	3.5	2	10.1917	0.5			1.8345	0.91					53.2028	62.9845	1
X612	0.285	4.58	19.22			8.4	0.435			2.2566	4	4	2	9.4777	0.5			2.8433	0.79		1.2068			50.5167	59.7094	0
X613	0.665	2.4	26.6232		0.75	11				8.215	2.8625	2.5	1.5	16.2657	0.6			3.1989					33.9145	94.2291	109.8298	0
X614	0.54	2.4	21.6188			10				6.4574	4.4548	3	2.5	12.7856	0.6			2.5145					20	74.0855	86.3311	0
X615	0.25	2.4	10.312		6.1872	6				3.5267		2.5	1.5	6.9829	0.6			1.3733					5.7678	40.417	47.1499	0
X616	0.4	2.4	16.014			8				6.127	6.1623	3	2.5	12.1314	0.6		6	2.3858					16.5934	70.1825	81.9139	0
X617	0.765	3.4	30.6267		7.3397	11				7.4551		5	1.5	14.7612	0.6			2.903					15.085	85.6745	99.6707	0
X618	0.485	2.4	19.4169			12				7.0862	6.5435	3	2.8	14.0307	0.6		6	2.7594					18.1019	81.1929	94.7386	0
X619	0.175	2.4	6.7938			4				3.4635	0.5914	2.5	1.25	6.8578	0.6			1.3487					16.5	39.6224	46.3052	0
X620	0.325	2.4	12.6171			4				3.9867		2.5	1.25	7.8937	0.6			1.5524					16.5	45.7312	53.2999	0
X621	0.593	2.4	23.7407			11				5.3186	0.0715	5	1.5	10.5308	0.6			2.0711					8.8735	61.1684	71.1062	0
X622	0.2	2.4	8.2496		6.0659	6				3.7349	0.66	3	1.5	7.3951	0.6			1.4544					8.8735	42.7383	49.9334	0
X623	0.26	2.4	10.7245			9				3.6923	0.825	3	1.5	7.3108	0.6			1.4378					8.8735	42.3131	49.3639	0
X624	0.94	3.2979	41.3391			12		1.7747		3.9253	14.8438	2.5	1.5	16.4862	0.6	5.6036		2.9675					0.65	91.9419	107.4881	1
X625	1.55	13.1057	70.6665			15				5.6004		6.5	1.5	21.1694	0.6			3.2623	1.3726					119.1575	138.7769	0
X626	1.15	1.38	89.0724			20			7	7.7015	27.8476	3.5	3.5	32.3463	0.8			9.7039	0.93					172.5854	203.7817	1
X627	0.645	6.2024	29.1263			11				3.6823	6.7171	4	1.5	15.4656	0.6	5.1547	14.5	0.9279						84.0557	98.8763	0
X628	1.25	2.3407	32.2849			5				2.3059	1.2914	2.7	1.5	12.59	1	3.3893		0.6101						53.6723	65.0123	1
X629	0.165	0	0		0.85	3.75				0.2171	0	1	1.25	0.7453	0.35			0.036	0					7.6181	8.1984	0
X630	0.102	0.5904	3.5531		0.85	5				0.3995	0.3897	1	1.25	1.3715	0.35			0.0662	0.2657					13.8166	15.0861	0
X631	0.09	0	0		0.85	3				0.1945	0	1	1.25	0.6677	0.35			0.0323	0					6.7668	7.3445	0
X632	0.34	4.1988	12.9098			11	0.28	0.15		6.8559	1.8924	3	2.5	7.4521	0.4	3.5194		0.5			2.7464		10.603	60.8957	68.0078	0
X633	0.26	4.16	9.7932			9.5	0.14	0.15		5.7611	1.9654	3	2	6.262	0.5	2.9573		0.5			2.0915		8.4467	51.2252	57.2272	0
X634	0.26	4.16	9.7932			10	0.14	0.15		5.7675	1.1118	3	2.5	6.269	0.4	2.9606		0.5			2.0915		8.4467	51.2813	57.2903	0
X635	0.575	4.5656	28.0164			9				6.5584	7.9023	5	1.5	14.4285	0.6	4.809	2.5	0.8657					6.5	78.3924	92.2459	0
X636	0.27	4.5293	12.5371		0.75	10	0.255			2.5562	2.5	3.025	2.25	11.6809	1	2.684	1	0.5062			0.09		1	44.9528	56.3637	0
X637	0.8	6.5293	30.1819			15				15.4107	7.362	8	2.25	19.5617	1	6.6977	2.5	1.1737			0.09		24.8955	121.8908	140.6525	0
X638	0.95	4.804	54.2516			13		1.7783		4.5421	8.6572	5	2	19.0766	0.6	6.4841		3.4338					0.75	106.2511	124.3777	0
X639	0.285	2.2563	33.6752			5				2.3674	1.2163	2.7	1.5	17.4003	1	3.7283		0.6712						54.3997	71.515	0
X640	0.65	1.455	31.6821			15	2.2			3.7249	8.2155	5	2.5	14.2365	0.5		3	1.8492	0.75		3.5448		0.65	80.7215	94.308	0
X641	0.62	0.535	32.3199			18			3.5	4.208	17.2154	5	1.8	15.9061	0.5		2.5	2.0855	1.08		0.709		1	91.0728	106.3589	0
X642	0.305	3.808	12.5552			7	0.12	0.15		1.8264	2.983	2	1.5	4.7646	0.4	2.1095	0.5	1.0116			0.7475			37.0162	41.4758	0
X643	0.3	3.808	11.3651			7	0.12	0.15		1.758	2.983	2	1.5	4.586	0.4	2.0305	0.5	0.9737			0.7475			35.6358	39.9218	0
X644	0.3	3.7658	13.7046			7	0.12	0.15		1.9324	3.7512	2	1.5	5.041	0.4	2.2319	0.5	1.0703			0.715			39.1412	43.8822	1
X645	0.3	3.808	12.0431			7	0.12	0.15		1.8484	3.8778	2	1.5	4.822	0.4	2.1349	0.5	1.0238			0.7475			37.4535	41.9755	0
X646	0.26	4.0772	9.6852			8	0.14	0.15		5.2663	2.0777	3	2	5.7242	0.5	2.7033		0.5			0.9651		7.5661	46.8909	52.3551	0
X647	1	2.7616	23.2528		5.5565	10				2.7181	4.8906	4.5	2.5	17.1239	0.6	7.9472		1.4841				0.3		67.5109	83.6348	0
X648	0.38	4.2664	14.6618			10	0.35	0.15		7.1413	1.1943	3	2.5	7.7623	0.4	3.6659		0.5			3.5242		11.702	63.4359	70.8182	1
X649	0.285	3.7881	9.939			9	0.21	0.15		5.5907	1.4796	3	2.5	6.0769	0.4	2.8699		0.5			2.2593		7.7864	49.758	55.5499	0
X650	0.27	4.0092	10.4176			9	0.21	0.15		5.9048	2.3419	3	2.5	6.4182	0.4	3.0311		0.5			2.3656		8.3938	52.494	58.6422	1
X651	0.225	2.7816	9.2901		5.608	6				1.579		4.5	2.5	13.7609	0.6	5.0251		0.9384				0.3		39.3472	52.8831	1
X652	0.47	1.3421	18.634			10.5				2.7645	7.49	5	2	11.6107	0.5	6.7505	8	1.3933	1.823					66.6674	77.8081	0
X653	0.78	2.729	35.2356			19.6				4.1175	6.45	3.5	2.8	17.2935	0.5		9	5.1881	0.51		1.1755		0.85	92.4357	108.9492	0
X654	0.7	3.729	34.9724			19.6			7	4.4478	13.1199	3.5	2.8	18.6809	0.5		1.2	5.6043	0.51		1.1755		0.85	99.7089	117.6898	0
X655	0.57	0.529	28.4775			13				3.0183	8.1238	3.5	2.5	12.6768	0.5		1.2	3.803	0.51		1.1755		0.85	67.7571	79.8639	0
X656	0.6	5.385	29.9764			15				3.4831	9.0647	3.5	2.5	14.6289	0.5		1.2	4.3887	0.51		1.1755		0.85	78.1334	92.1623	0
X657	0.635	3.1903	35.2422			10		1.7101		3.4197	9.9013	5	2	14.3627	0.6	4.8819		2.5853					0.75	79.9158	93.6435	0
X658	0.15	2.6694	10.0763		2.6	6				1.6873		4.5	2.5	14.1732	0.6	5.3128	3.5	0.9921				0.3	1	41.8879	55.9111	0
X659	0.3	3.9598	10.0297			8	0.808			1.5926	3.6832	2.1	2.5	6.6887	0.4			1			0.1704	0.2		34.7437	41.1324	0
X660	0.275	4.7246	9.9983			7.5	0.9	0.15		1.9441	4.7322	2.5	1.5	6.2079	0.4	2.2454		0.2154			0.2681			37.3531	43.286	1
X661	0.305	4.4496	11.089			9.5	0.3	0.15		2.1713	2.6731	3.5	2	6.4678	0.5	2.5079	1.75	0.2405			1.0472			42.1836	48.3464	1
X662	0.285	3.9496	10.3618			10	0.9	0.15		2.1556	4.902	3.5	2.7	5.9465	0.5	2.4897		0.2388			0.2025			42.335	47.9965	1
X663	0.27	3.6996	10.4397			8.5	0.3	0.15		2.1645	3.6	3.5	2	6.6034	0.5	2.5	3.5	0.2398			0.4965			41.8601	48.1935	1
X664	0.295	4.2696	10.7254			9	0.45	0.15		2.1569	3.9	2.5	2.7	6.9786	0.5	2.4912	1.5	0.2389			0.4634			41.3404	48.024	1
X665	0.275	3.6996	10.6331			9	0.3	0.15		2.1304	4.5568	2.5	1.9	8.7112	0.5	2.4606		0.236			0.6563			38.9978	47.434	1
X666	0.545	2.8831	21.5275			12		1.5258		2.8241	5.945	7.5	1.5	14.8264	0.6	8.0174	2	2.224					1	70.0919	84.3733	1
X667	0.58	3.5689	22.526			6				2.1252	6.4083	2	1.5	6.6943	0.5			1						46.2084	52.3227	1
X668	0.225	2.6026	8.3369		4.0095	6				1.4425		4.5	2.5	20.9011	0.6	5.4827		1.0239				0.3		37.0231	57.6992	1
X669	0.225	2.6026	8.3369		2.8	4.5				1.307		4.5	2.5	23.4668	0.6	5.4528		1.0183				0.3		34.1426	57.3844	1
X670	0.365	4.1636	12.8435		1	8		0.2		7.429	3.9311	5	2.2	10.2159	0.5	3.8136		0.613	0.48				12.7615	63.3003	73.1512	1
X671	0.95	4.3511	55.8186			10		1.2053		3.625	10.9001	5	2	10.8388	0.6	5.9533		3.1527					0.75	104.3061	114.1949	1
X672	0.43	3.5951	16.3171			8				1.9106	4.5	2.8	2	10.0307	0.5			1				0.5		41.5528	51.1535	1
X673	0.79	5.9215	29.8235			11				3.0103	4.6615	5	2.5	12.6434	0.8			1				0.5		65.0068	76.8602	1
X674	0.23	2.4919	32.3981			5.5				4.2471		4	2	10.2874	0.5	6.6107		1.2345				0.3		59.5123	69.5697	1
X675	0.205	1.73	8.9175			6				1.1633	0.819	3	1.2	4.886	0.4	1.6285	1.2	0.2932						26.5565	31.2375	1
X676	0.22	1.7849	9.57			6				1.2037	0.819	3	1.2	8.8472	0.4	1.8956	1.3	0.3412						27.7344	36.3616	1
X677	0.23	1.7446	19.6452			5.6				1.649	1.2401	3	1	8.6572	0.4	2.4045		0.4329					0.35	37.6963	46.1235	1
X678	0.235	3.6016	11.75			8	0.21	0.15		1.9937	3.6796	3	2.5	5.2011	0.4	2.3028		0.5			1.3825			39.7052	44.6713	1
X679	0.64	4.767	28.0807		3.2	8.5				2.4774		2.5	2	15.6075	0.5			0.6763						53.3414	68.3089	1
X680	0.55	4.737	23.5023			6				2.1806	5.372	2	1.5	6.8688	0.5			1						47.3419	53.6607	1
X681	0.3	3.4941	19.2			8	0.3	0.15		2.3425	3.9372	2	2	6.1108	0.75	2.7056		0.2595			0.9075			46.3464	52.1572	1
X682	0.63	5.3854	22.4237			8.8				2.1804	2.1993	2.8	1.5	9.1578	0.5			1						47.4188	55.9466	1
X683	0.34	3.7432	12.0429		3	6.5				1.7909	4.1313	2.8	2	9.4021	0.6			1					1	38.9483	48.0104	1
X684	0.415	3.7432	14.6994		5.5	5.5				2.1471	6.5	3	2	11.2724	1			1					1	46.5047	57.3621	1
X685	0.435	3.5132	15.0027			6				1.4759	0.7016	2	1.8	6.1987	0.5			1						32.4284	38.1921	1
X686	0.24	3.7557	18.5404			8.5	0.7724			2.1701	5.5	2.5	2.8	9.1145	0.6			1			0.4338			46.8124	55.6869	1
X687	0.69	6.0082	26.0189			12			2.75	2.9874	5.3705	5	2	12.547	0.6			1						64.425	76.282	1
X688	0.215	3.8302	7.4283			10	0.7724			2.0061	11.1568	2.8	3	8.4255	0.7			1			0.4338			43.3426	51.5531	1
X689	0.67	4.5644	28.1271			10				2.8342	7.3915	4	2	11.9034	0.6			1						61.1872	72.4206	1
X690	0.72	4.8382	26.5186			12.5				3.0439	9.4216	5	2	12.7845	0.6			1						65.6423	77.7068	1
X691	1.4	5.7265	45.8248			15			6.5	4.5189	8.0542	6	2	18.9794	0.6			1			0.6725			97.2969	114.8763	1
X692	0.53	2.4194	17.9338			8				2.5903	6.2521	4	1.5	17.2434	0.5	7.6725	10.9	1.4328				0.3		64.0309	80.7443	1
X693	0.26	2.0874	8.7676		1.8	4.5				1.6933	1.0116	3	1.5	10.668	0.5	4.951	10.4	0.9246				0.3		41.6955	52.1035	1
X694	0.192	1.7442	14.6393			5.25				1.3672	1.7598	2	1.2	12.9197	0.4	2.3126		0.4163					0.35	31.6314	44.3591	1
X695	0.31	3.5064	12.3236			9.5	0.3	0.15		1.6658	3.9	2.2	2	6.3527	0.5	2.3821		0.2285			0.9126			39.879	45.9217	1
X696	0.25	3.8209	8.4433		3	10		0.2		2.2051	1.2	5	2	7.2776	1	2.5469	0.5	0.4367	0.48		0.144		0.6	41.8269	48.8545	1
X697	0.23	6.4992	9.545		5.2152	8.5		0.2		2.4116	2.52	3.6	1.6	7.9591	1	2.7854		0.4775	0.48		0.036		0.6	45.6999	53.429	1
X698	0.65	4.3831	26.975		1	15		1.5258		3.2899	5.315	9.5	1.5	17.2722	0.6	9.3399		2.5908						81.6695	98.2917	1
X699	0.265	3.8441	8.5073			9	0.21	0.15		5.3128	2.0695	3	2.5	5.7748	0.4	2.7273		0.2			2.1212		6.6968	47.004	52.5138	1
X700	0.64	4.8382	24.0633			10				2.6786	7.0695	5	2	11.2499	0.6			1						57.8896	68.4995	1
X701	0.35	3.4801	12.5945			7.5				1.6437	3.5	2.8	2	8.6296	0.5			1				0.5		35.8683	44.1479	1
X702	0.665	13.9204	27.4646			25		0.5		4.7037	11.6893	12	2.5	31.609	1	13.9644		2.6077						116.0151	146.9591	1
X703	0.635	13.9204	26.2256			18				3.8647	4.5475	11	2.6	24.3475	1	11.2997		2.1101						95.203	118.9155	1
X704	0.195	2.872	9.36			7		1.5191		1.4176		5	2	8.9306	0.6	4.1853		1.161						35.31	44.0456	1
X705	0.22	4.8633	9.57			8				1.4926	0.819	5	1.2	8.7766	0.4	2.2287		0.4012						34.1948	42.7514	1
X706	0.71	4.5445	29.398			12		1.3275		3.3223	13.2252	4	1.5	13.9535	0.45	4.6967		1.6744						76.8486	90.0921	1
X707	0.295	3.6296	10.4009		1.6	9	0.3	0.15		3.0824	4.4434	5	2.5	20.5496	0.4	3.5602	3	0.6829			0.6753			48.7197	68.9743	1
X708	0.295	4.9472	13.57			9	0.24	0.11		2.1367	2.96	2.5	2.4	5.574	0.75	2.4679		0.2367			0.6831			42.2966	47.5756	1
X709	0.235	4.1741	7.4493			9	0.21	0.15		1.7437	10.2805	2.7	2.5	5.3536	0.4	2.4935		0.5			1.376			43.2121	48.3307	1
X710	0.28	4.0634	9.2597			9.5	0.225	0.15		2.0399	3.8126	2.8	2.5	5.6273	0.4	2.3561		0.25			1.9601		0.5	40.0968	45.4441	1
X711	0.28	4.9247	11.3586			10	0.8708			1.9567	4.3113	2.8	3	8.2183	0.7			1			0.4889	0.6803		42.3713	50.3096	1
X712	0.5	3.634	26.8669			30			6.8	4.7414	14.1821	8	3	19.9139	0.75				1.595					100.0694	119.4833	1
X713	0.22	1.9072	14.0387			5		6.3692		1.6782	1.1487	3	1.25	6.3436	0.5	2.3558		1.2476					0.35	39.0654	45.189	1
X714	0.66	5.3663	26.07			15		1.5144	23.3978	4.0224		7	1.5	18.1612	0.6	5.8141		3.079						94.024	111.5252	1
X715	0.8	4.973	32.8			10		0.75		2.8012	0.4	5	1.5	11.1766	0.6	3.9655		2.1						65.6897	76.0663	1
X716	0.27	3.484	10.194			10	1			1.8906	5.0342	5	2	8.7346	0.5	2.672		0.1453		0.6				42.7901	51.2547	1
X717	0.28	4.6814	11.4884			11	0.8804			2.366	11.0874	3	3	8.4466	1			1			0.4943	0.6878		50.9657	59.1323	1
X718	0.4	4.2247	21.7969			8.5	0.8708			2.3531	3.5	3	3	8.8946	1			1			0.4889	0.6803		50.8147	59.3093	1
X719	0.39	4.3444	17.5786			8.5				1.8128	0.8451	2	1.8	5.7103	0.5			1				0.6878		39.4587	44.779	1
X720	0.33	4.3077	13.8048			7.5				1.7496	3.5	2.5	2	5.5114	0.7			1				0.6803		38.0724	43.2538	1
X721	0.53	2.8643	21.73			10		1.5144		2.8549	13.8898	5	1.5	12.5902	0.6	4.1096		2.1763						66.7693	78.8295	1
X722	1.305	3.6019	12.9253			5				1.3709	0.07	2.5	2	5.758	0.7			1				0.6217		31.0948	35.5478	1
X723	0.705	7.9594	30.2214			13				3.1888	4.308	5	2	13.3931	0.6			1				0.6878		68.6704	81.3585	1
X724	0.725	5.0894	30.6348			17			5.2	3.7972	10.4199	5	2	15.1508	0.6			1						81.4663	95.8921	1
X725	0.725	4.6894	31.0788			15			4	3.6068	9.7676	5	2	15.1485	0.6			1						77.4676	91.8911	1
X726	0.65	4.3194	27.8637			18			9.2	3.9362	11.0536	5	2	12.3991	0.6			1				0.6878		84.3107	96.0598	1
X727	0.65	4.3194	27.8637			14.3			2.9	3.179	5.9096	5	2	13.3519	0.6			1				0.6878		68.4095	81.1114	1
X728	0.295	3.6296	10.4009		3	9	0.3	0.15		3.0449	4.4434	6	2.5	18.8996	0.4	3.5169	1.5	0.6746			0.6753			49.5306	68.1352	1
X729	0.295	3.6296	10.4009		3	9	0.3	0.15		3.1079	4.4434	6	2.5	20.1596	0.4	3.5897	1.5	0.6886			0.6753			49.6804	69.545	1
X730	0.62	14.394	21.6383			9.2				2.6546	1.8524	3	2	11.1493	0.4			1				0.3		57.0593	67.8956	1
X731	0.37	12.8954	14.8998			8.7				2.2739	2.282	4	2	10.5052	0.4			1				0.3		49.1211	59.2563	1
X732	0.77	14.6673	31.0077		2.2	11			5.5	3.8907	6.3089	4.43	2	16.3409	0.4			1				0.3		83.4746	99.0455	1
X733	0.27	3.5044	10.2251			10	1			1.7938	5.0471	3	2	11.3011	0.5	2.7015		0.1469		0.6				40.7888	51.8199	1
X734	0.53	2.8534	20.2889			10		1.508		2.7764	13.7776	5	1.5	14.5761	0.6	4.1287		2.1864						65.1494	79.1955	1
X735	0.53	2.8534	21.73			10		1.508		2.8524	13.8564	5	1.5	13.178	0.6	4.1399		2.1923						66.7624	79.4104	1
X736	0.74	10.065	27.4953			20				4.0857	11.4534	5	2.6	17.1599	0.7			5	1.9		2.5			91.5394	107.9593	1
X737	0.69	4.4894	29.56			12				3.0839	8.0284	5	2	10.3619	0.6			1						66.4517	76.1236	1
X738	0.31	3.9244	13.2889			5.8				1.6701	4.5	2.5	2	5.2607	0.7			1				0.6878		36.3812	41.3319	1
X739	0.39	8.6324	15.8329			8				2.0297	1.6239	3	2	8.5249	0.6			1			0.25	0.6556		44.0145	52.1494	1
X740	0.645	4.7297	29.8551			7.5				2.4592	2.0983	3	1.5	7.7463	0.5			1						53.2873	60.3886	1
X741	0.215	3.8685	8.3641			10	0.7824			2.0942	11.9296	2.8	3	8.7956	0.7			1			0.4394			45.1932	53.7738	1
X742	0.67	4.1915	25.2412			10				2.6983	6.9327	5	2	11.3327	0.6			1						58.3337	68.9964	1
X743	0.55	3.9965	22.4295			13			2.8	2.9399	8.9718	5	2	12.3475	0.6			1						63.2877	75.0852	1
X744	0.435	3.5132	16.1641			6				1.5355	0.7335	2	1.8	6.4493	0.5			1						33.6813	39.6956	1
X745	0.545	2.8831	21.5275		2.5	12		1.5258		2.8491	5.945	7.5	1.5	14.9576	0.6	8.0883		2.2436					1	70.7074	85.12	1
X746	0.41	1.58	28.491			8				3.0064	13.6474	5	2	12.627	0.5				0.91					63.5448	75.7618	1
X747	0.3	3.9374	10.0811			9	0.36	0.15		2.0865	5.2762	3	2.5	6.3656	0.4	2.4099		0.2			0.66			40.3611	46.4267	1
X748	0.245	2.8176	13.4023			8		1.4865		4.0541	0.275	8	1.5	13.3785	0.6	6.2698		1.7392					4.4595	52.849	65.9825	1
X749	0.295	3.8703	9.5852			10	0.36	0.15		2.1057	4.4545	3	2.5	5.172	0.4	2.4321	1.5	0.2			1.1227			41.9755	46.8525	1
X750	0.285	5.0081	9.3264			10	0.3	0.15		2.0403	3.7314	3	2.5	6.2246	0.4	2.3565		0.5			0.165			39.7627	45.7023	1
X751	0.285	5.0081	9.9281			10	0.3	0.15		2.1705	4.1314	3	2.5	7.8282	0.4	2.507		0.5			0.165			41.0451	48.5883	1
X752	0.24	3.8725	10.7838		0.119	10	0.36	0.15		2.1646	4.8583	3	2.5	6.2903	0.4	2.5001		0.5			0.9581			42.4064	48.4567	1
X753	0.23	3.0216	7.8306			5		1.4843		2.5345	0.4086	2.5	1.5	10.5942	0.6	2.1795		1.1542					3	31.4433	41.8075	1
X754	0.275	3.925	9.9881		3	14				2.4627	5.6907	6.5	3	10.3432	0.6			1.8618	1.54		1.0094			53.8527	63.9209	1
X755	0.23	6.0104	7.5015			10	0.3	0.15		8.5481	3.2256	5	3	6.5586	0.6	3.2357		0.5			2.1746		5.7621	56.238	62.5666	1
X756	0.305	6.0104	9.9477			12	0.5	0.15		8.3289	0.9785	5	3	9.2544	0.4	3.512		0.5			1.7621		6.5231	58.9177	67.8671	1
X757	0.3	5.8928	13.8231			8.5	0.9312			2.0824	4.9	4	3	8.7459	0.6			1						45.0295	53.4754	1
X758	0.335	3.995	42.0271			7		1.1		2.9561		2.5	2	9.3117	0.5	3.9264								66.3396	75.3163	1
X759	0.645	7.5138	22.2819		2.5	10				2.549	3.4838	2.5	2	13.3821	0.4			1				0.3		55.1735	67.9106	1
X760	0.325	4.2614	17.9124			8.5	0.8804			2.2118	3.5	3	3	9.2896	1			1			0.4943	0.6878	1	47.7731	56.7377	1
X761	0.25	2.0756	9.521			5				1.3298		3.6	1.8	14.1587	0.5	4.5073	1.6	0.8417				0.5	2	33.5254	47.4341	1
X762	0.235	1.9215	13.1192			6		1.508		1.4396	1.1432	3	1.5	6.0463	0.6	2.0551		1.0883						33.6099	39.4212	1
X763	0.63	5.1394	40.9452			12			2.9	4.1442	14.2984	5	2	13.0541	0.6			1						88.6572	101.0813	1
X764	0.66	4.3194	42.895			11				4.0056	14.2984	5	2	12.6178	0.6			1						85.7784	97.7362	1
X765	0.716	7.7194	48.0118			15			2.6	4.398	6.8294	5	2.2	13.8538	0.6			1						94.0746	107.2124	1
X766	0.78	9.115	30.8063			20				4.3037	11.5024	7	2.6	18.0755	0.7			5	1.85		2.5			96.1574	113.4529	1
X767	0.78	20.21	34.1239			20				5.1583	11.7029	8.7	2.8	21.665	0.75			5	1.88		3			114.1051	134.9901	1
X768	0.3	3.9379	16.5			9.5	0.225	0.15		1.9594	5.1339	2.8	2.5	6.3893	0.4	2.8019	0.6	0.1			0.8487			47.7568	53.8461	1
X769	0.725	4.5435	27.2857			22		1.5476	7.6362	6.646	61.3061	5	3	22.8887	0.6	8.9796		0.8123						150.082	172.2457	1
X770	0.725	4.3854	31.0287			9				2.8444	4.8733	5	2	11.9464	0.6			1						61.4568	72.6782	1
X771	0.9	5.2054	32.6634			13				3.0458	2.4464	5	2	12.7922	0.6			1						65.861	77.7532	1
X772	0.905	5.3854	37.5575			13			6.3959	3.9449	8.9596	5	2	16.5687	0.6			1						84.7483	100.412	1
X773	0.2	3.9435	7.9089		1.4	5		0.15		1.4902	0.6136	4	2.5	3.8874	0.4	1.7211		0.15						29.4773	33.1647	1
X774	0.2	3.9435	7.3089		2.5	5		0.15		1.5029	0.5645	4	2.5	3.6914	0.4	1.7359		0.15						29.9557	33.4471	1
X775	0.2	3.9435	7.9089		2.5	5		0.15		1.4959	0.6136	3	2.5	3.9024	0.4	1.7278		0.15						29.5897	33.2921	1
X776	0.4	3.9418	14.9992		10.695	7		0.15		3.3142	5.4128	4	2.5	17.1846	0.4	3.8279		0.15						56.7909	73.5755	1
X777	0.235	3.9614	8.3284			5		0.15		1.4416	1.831	2.8	2	3.7606	0.4	1.665	0.6	0.1						28.5124	32.038	1
X778	0.325	4.0075	14.9102		0.75	9.5	0.255	0.15		2.2199	2.0571	3	2.5	5.7911	0.4	2.564		0.1			1.0778			43.8165	49.2826	1
X779	0.768	3.56	38.1137			25	1.44			4.4401	7.15	5	5	18.6486	0.6			5.5946	0.83		2.1092			99.6056	117.4862	1
X780	0.725	7.4526	29.7655			16.5			4.3502	3.4149	1.8338	5	2	14.3425	0.6			1			0.174	0.6215		73.4375	87.055	1
X781	0.71	5.2907	29.1496			18			6.6496	3.7679	8.337	5	2	15.8252	0.6			1			0.3311			80.8359	95.9511	1
X782	0.31	4.2483	12.2514		0.75	9	0.255	0.15		2.1524	4.9517	2.8	2.5	5.6149	0.4	2.486		0.1			0.126			42.4808	47.7857	1
X783	0.22	2.1211	8.5274		1.6	5				1.2424		3.6	2	10.4364	0.5	3.9121		0.7305				0.5	1	30.9535	41.1699	1
X784	0.22	2.1211	8.5274		4	5.25				1.3449		3	2	11.2974	0.5	4.2348		0.7908				0.5	1	33.489	44.5664	1
X785	0.2	2.1211	7.7522		3.6	5.25				1.3162		3.6	2	13.8198	0.5	4.4403		0.8292				0.5	1	33.109	46.7288	1
X786	0.485	6.1354	26.386			17			1.7895	3.3976	14.0501	5	3	11.0792	0.5	4.8586								82.6022	93.1964	1
X787	0.29	4.0172	10.4344		0.5	14	0.7	0.15		2.7158	5.5107	5	3	9.0525	0.4	3.1367		0.2			0.8004		0.75	51.6052	60.3677	1
X788	0.245	3.6353	14.4391			9.5	0.3	0.15		2.12	3.3178	2.2	2.2	5.5305	0.5	2.4486		0.2348			0.628			41.9186	47.2041	1
X789	0.3	4.085	13.5			9.5	0.225	0.15		1.8183	4.9931	2.8	2.5	5.9293	0.4	2.6002	0.5	0.1			0.8758			44.3474	49.9767	1
X790	0.32	3.7037	17.611			5	0.838			1.6727	1.1007	2.5	2	5.2689	0.5			1				0.2		36.4461	41.395	1
X791	0.63	4.9533	26.2775			9				2.6911	7.0908	4	2	11.3025	0.5			1						58.1427	68.8152	1
X792	0.69	4.9433	29.1275			10				2.9735	8.8982	4	2	9.3664	0.5			1						64.1325	72.8089	1
X793	0.455	6.1433	18.9782			8				2.047	1.3179	4	2	6.448	0.5			1						44.4414	50.4344	1
X794	0.55	4.9533	27.0093			8				2.6452	5.942	4	2	11.11	0.5			1				0.5		57.0998	67.6598	1
X795	0.62	4.9433	30.4468			10				3.0639	8.8885	4	2	12.8685	0.5			1				0.5		65.9625	78.211	1
X796	0.66	4.6533	32.4111			13			8.5	3.768	10.2962	4	2	15.8257	0.5			1						80.7886	95.9543	1
X797	0.645	4.9133	31.6745			9				2.7157	2.2262	4	2	11.4059	0.5			1						58.6747	69.4356	1
X798	0.295	3.738	11.6051			7	0.12	0.15		1.7046	2.7769	2	1.5	3.7341	0.4	1.9688	0.45	0.9442			0.6185			35.2711	38.7102	1
X799	0.36	4.4204	30.6835		11	17.5			2.1	3.868		5	2.5	24.3683	1		2.5	1				0.6556		82.5875	106.5958	1
X800	0.37	4.4204	31.5358		5	19.5			2.5	3.7306		5	2.5	23.5027	1		2.5	1				0.6556		79.7124	102.8451	1
X801	0.38	4.4204	32.3881		16	20			3	4.6545	5.6253	5	2.5	29.3232	1		2.5	1				0.6556		99.1239	128.0671	1
X802	0.38	17.3251	32.3881		8	18			5.1215	4.4995		5	2.5	28.3469	1			1				0.6556		95.8698	123.8367	1
X803	0.36	11.4014	14.6661		13.5	14				3.1612		5	3	19.9153	1			1				0.6556		67.7443	87.2996	1
X804	0.36	11.4014	14.6661		13.5	14				3.1612		5	3	19.9153	1			1				0.6556		67.7443	87.2996	1
X805	0.525	11.4014	21.3881		9.746	17				3.4596		5	3	21.7952	1			1				0.6556		74.1757	95.4459	1
X806	0.22	2.1904	9.1459		8.5	5.25				1.6343		3.6	2	15.4443	0.5	5.3298		0.9953				0.5	1	40.8657	56.09	1
X807	0.19	2.2018	8.0496		0.9	5.25				1.2001		3.6	2	11.3407	0.5	3.9137		0.7308				0.5	1	30.036	41.1867	1
X808	0.22	1.8262	10.3205			6				1.3615	0.8705	4	1.2	10.0067	0.4	2.1441	1.3	0.386				1.3118		31.3406	41.1273	1
X809	0.35	6.5445	16.1			9		0.15		6.1779	4.7	5	2.5	13.134	0.5	3.7376	3.5	0.5					0.65	59.41	72.194	1
X810	0.35	4.1532	14.875		0.5	9		0.15		6.1666	4.35	5	2.5	15.9874	0.5	3.7308	4	0.5					0.65	56.4256	72.063	1
X811	0.38	4.2614	15.5914		9	8.7	0.8804			2.5958	3.5	4	3	10.9022	0.8			1			0.4943	0.6878	1	55.8911	66.4133	1
X812	0.42	4.3444	17.2326		9	5.5				2.2655	0.8451	4	2	9.5151	0.7			1				0.6878	1	48.9954	58.0905	1
X813	0.3	4.2614	11.9416			10	0.8804			2.0853	6.4395	3	3	8.7581	1			1			0.4943	0.6878		45.0903	53.5484	1
X814	0.545	3.1869	22.89			12		1.7081		2.9839	6.2925	7.5	1.5	17.5452	0.6	8.6743	3	2.4062					1	74.2869	91.2871	1
X815	0.545	3.1869	20.2582			12		1.7081		2.8369	5.9839	7.5	1.5	20.2552	0.6	8.6335	3	2.3949					1	71.1474	90.8576	1
X816	0.195	8.8527	9.5462			9				1.7379	0.9084	4.5	1.2	7.299	0.4	2.4328		0.4379					0.35	39.5609	46.6649	1
X817	0.4	6.8691	23.6			16.5		0.15		3.5302	3.9674	4	2.5	11.7673	0.5	4.0774		0.5					0.75	67.3441	78.7114	1
X818	0.365	3.7922	15.1475			12	0.5	0.15		2.529	3.6783	3	2.5	6.5973	0.4	2.921		0.2			2.8141			49.9971	56.2294	1
X819	0.79	11.9619	34.174			15				4.1643	13.0492	5	2.5	17.4899	0.6		1	1						89.2394	105.9393	1
X820	0.77	15.7887	33.3088			17				4.1091	6.9213	5	2.5	17.2582	0.6		1	1			0.063			88.0609	104.5491	1
X821	0.91	5.4779	47.7524			18		1.6393		6.5718	19.9167	7.5	2	20.7012	0.6	8.7727	27.8	0.7935					0.75	148.4843	168.2755	1
X822	0.696	3.9779	36.5227			10		1.6393		3.7271	10.0512	7.5	2	18.7844	0.6	5.3646	1.5	0.4853					0.75	84.8141	102.9025	1
X823	1.2	3.4993	31.3578			7	0.21			2.8376	2.9035	4	3.5	11.918	1			1			3.2816			61.7898	72.5078	1
X824	0.21	2.0901	9.8088			5				1.2959	0.8186	5	1.2	10.8854	0.4	2.1164	1.2	0.381					0.4	29.9208	40.5962	1
X825	0.255	2.3963	11.302			10				1.6974	3.45	4	1.2	7.1291	0.4	2.3761	1.2	0.4277						38.7045	45.5786	1
X826	0.65	9.815	34.7431			20				4.5585	12.9128	5	2.6	19.1459	0.7			5	1.9		3.5			101.3794	119.8753	1
X827	0.415	1.4562	15.2268		0.5	8				1.0164	3.4727	2.5	1.2	1.7449	0.5	2.0153		0.3355	0.69					37.3279	38.6578	1
X828	0.275	2.0971	12.472			10				1.7999	5.4295	4	1.6	7.5597	0.4	2.5196		0.4536						41.0467	48.3314	1
X829	0.31	2.7494	19.0354			6				1.7154	1.224	3	1.2	15.1302	0.5	2.8219		0.1535		0.6				39.3096	54.1298	1
X830	0.235	2.5692	14.3825			6		1.6022		1.5439	1.224	3	1.5	10.6992	0.6	2.4428		1.2936						36.3932	46.8574	1
X831	0.46	3.7247	22.2593			12	0.5	0.15		2.6497		3	2.5	6.9124	0.4	3.0604		0.1			1.5484			52.3525	58.8049	1
X832	0.385	3.8782	13.967			12	0.5	0.15		2.1158	6.516	3	2.5	6.4959	0.4	3.0256		0.1			3.488			52.0256	58.1365	1
X833	0.365	3.8241	15			12	0.5	0.15		2.7302	6.6193	3	2.5	7.1222	0.4	3.1534		0.2			3.488			53.93	60.6872	1
X834	0.3	3.9779	10.7133		0.5	14	0.7	0.15		2.8352	6.4935	5	3	10.2254	0.4	3.2747		0.2			0.7946		0.75	53.0892	63.0146	1
X835	0.385	6.1534	20.9504			9		0.15		6.713	5.3	5	2.5	13.426	0.5	4.0614	3.5	0.5					0.65	65.3632	78.4042	1
X836	0.285	3.7102	9.8719			9	0.21	0.15		5.0673	1.4494	3	2.5	5.508	0.4	2.6012		0.5			2.2216		4.2068	45.1734	50.3964	1
X837	0.89	4.7176	46.157			15		1.5856		4.5662	15.0643	5.75	1.5	14.3836	0.75	6.0712		0.1103					0.8	102.9622	116.4558	1
X838	0.3	2.8843	12.7496		2	7				1.9012	3.4906	4.5	2.5	13.974	0.6	5.7727		1.078				0.3	2	47.0764	60.7504	1
